"A" "R" "N" "D" "C" "Q" "E" "G" "H" "I" "L" "K" "M" "F" "P" "S" "T" "W" "Y" "V" "B" "Z" "X" "*"
"A" 0.533 0.2 0.133 0.133 0.267 0.2 0.2 0.267 0.133 0.2 0.2 0.2 0.2 0.133 0.2 0.333 0.267 0.067 0.133 0.267 0.133 0.2 0.267 0
"R" 0.2 0.6 0.267 0.133 0.067 0.333 0.267 0.133 0.267 0.067 0.133 0.4 0.2 0.067 0.133 0.2 0.2 0.067 0.133 0.067 0.2 0.267 0.2 0
"N" 0.133 0.267 0.667 0.333 0.067 0.267 0.267 0.267 0.333 0.067 0.067 0.267 0.133 0.067 0.133 0.333 0.267 0 0.133 0.067 0.467 0.267 0.2 0
"D" 0.133 0.133 0.333 0.667 0.067 0.267 0.4 0.2 0.2 0.067 0 0.2 0.067 0.067 0.2 0.267 0.2 0 0.067 0.067 0.533 0.333 0.2 0
"C" 0.267 0.067 0.067 0.067 0.867 0.067 0 0.067 0.067 0.2 0.2 0.067 0.2 0.133 0.067 0.2 0.2 0.133 0.133 0.2 0.067 0.067 0.133 0
"Q" 0.2 0.333 0.267 0.267 0.067 0.6 0.4 0.133 0.267 0.067 0.133 0.333 0.267 0.067 0.2 0.267 0.2 0.133 0.2 0.133 0.267 0.467 0.2 0
"E" 0.2 0.267 0.267 0.4 0 0.4 0.6 0.133 0.267 0.067 0.067 0.333 0.133 0.067 0.2 0.267 0.2 0.067 0.133 0.133 0.333 0.533 0.2 0
"G" 0.267 0.133 0.267 0.2 0.067 0.133 0.133 0.667 0.133 0 0 0.133 0.067 0.067 0.133 0.267 0.133 0.133 0.067 0.067 0.2 0.133 0.2 0
"H" 0.133 0.267 0.333 0.2 0.067 0.267 0.267 0.133 0.8 0.067 0.067 0.2 0.133 0.2 0.133 0.2 0.133 0.133 0.4 0.067 0.267 0.267 0.2 0
"I" 0.2 0.067 0.067 0.067 0.2 0.067 0.067 0 0.067 0.533 0.4 0.067 0.333 0.267 0.067 0.133 0.2 0.067 0.2 0.467 0.067 0.067 0.2 0
"L" 0.2 0.133 0.067 0 0.2 0.133 0.067 0 0.067 0.4 0.533 0.133 0.4 0.267 0.067 0.133 0.2 0.133 0.2 0.333 0 0.067 0.2 0
"K" 0.2 0.4 0.267 0.2 0.067 0.333 0.333 0.133 0.2 0.067 0.133 0.6 0.2 0.067 0.2 0.267 0.2 0.067 0.133 0.133 0.267 0.333 0.2 0
"M" 0.2 0.2 0.133 0.067 0.2 0.267 0.133 0.067 0.133 0.333 0.4 0.2 0.6 0.267 0.133 0.2 0.2 0.2 0.2 0.333 0.067 0.2 0.2 0
"F" 0.133 0.067 0.067 0.067 0.133 0.067 0.067 0.067 0.2 0.267 0.267 0.067 0.267 0.667 0 0.133 0.133 0.333 0.467 0.2 0.067 0.067 0.2 0
"P" 0.2 0.133 0.133 0.2 0.067 0.2 0.2 0.133 0.133 0.067 0.067 0.2 0.133 0 0.733 0.2 0.2 0 0.067 0.133 0.133 0.2 0.133 0
"S" 0.333 0.2 0.333 0.267 0.2 0.267 0.267 0.267 0.2 0.133 0.133 0.267 0.2 0.133 0.2 0.533 0.333 0.067 0.133 0.133 0.267 0.267 0.267 0
"T" 0.267 0.2 0.267 0.2 0.2 0.2 0.2 0.133 0.133 0.2 0.2 0.2 0.2 0.133 0.2 0.333 0.6 0.133 0.133 0.267 0.2 0.2 0.267 0
"W" 0.067 0.067 0 0 0.133 0.133 0.067 0.133 0.133 0.067 0.133 0.067 0.2 0.333 0 0.067 0.133 1 0.4 0.067 0 0.067 0.133 0
"Y" 0.133 0.133 0.133 0.067 0.133 0.2 0.133 0.067 0.4 0.2 0.2 0.133 0.2 0.467 0.067 0.133 0.133 0.4 0.733 0.2 0.067 0.133 0.2 0
"V" 0.267 0.067 0.067 0.067 0.2 0.133 0.133 0.067 0.067 0.467 0.333 0.133 0.333 0.2 0.133 0.133 0.267 0.067 0.2 0.533 0.067 0.133 0.2 0
"B" 0.133 0.2 0.467 0.533 0.067 0.267 0.333 0.2 0.267 0.067 0 0.267 0.067 0.067 0.133 0.267 0.2 0 0.067 0.067 0.533 0.333 0.2 0
"Z" 0.2 0.267 0.267 0.333 0.067 0.467 0.533 0.133 0.267 0.067 0.067 0.333 0.2 0.067 0.2 0.267 0.2 0.067 0.133 0.133 0.333 0.533 0.2 0
"X" 0.267 0.2 0.2 0.2 0.133 0.2 0.2 0.2 0.2 0.2 0.2 0.2 0.2 0.2 0.133 0.267 0.267 0.133 0.2 0.2 0.2 0.2 0.2 0
"*" 0 0 0 0 0 0 0 0 0 0 0 0 0 0 0 0 0 0 0 0 0 0 0 0.333
