A R N D C Q E G H I L K M F P S T W Y V *
A 1 0.168723730399992 0.277730886711687 0.366479634104826 0.363584521280703 0.333934441190794 0.327516346461208 0.504275599974349 0.273762147371483 0.549339883982652 0.562340750456113 0.251853046816967 0.386444955277125 0.394302929404743 0.260702804870324 0.512990598556003 0.592151014525782 0.0820656807939951 0.239253354768765 0.72428623770059 1
R 0.168723730399992 1 0.539366972329344 0.417713531521109 0.244334028869791 0.720136241130462 0.370883866131314 0.0841338167821978 0.702343388477813 0.0447273101152897 0 0.758503592186455 0.24568953776278 0.131587355042128 0.0883209936066554 0.375567273789681 0.444247646359206 0.281346980667962 0.462699075503789 0.0878371104991175 1
N 0.277730886711687 0.539366972329344 1 0.662651777898434 0.352056541156292 0.6543771942883 0.355237785669538 0.447290030619253 0.594026020292738 0.110536288141049 0.0518783933823599 0.53148612913791 0.322533139823195 0.174650088722038 0.488229263296947 0.712447477394703 0.671956676451446 0.258473823050409 0.502571353406519 0.161063744399328 1
D 0.366479634104826 0.417713531521109 0.662651777898434 1 0.430172413930305 0.645617046711597 0.620842594424188 0.485567129579375 0.46140722743501 0.172922714013901 0.110237663728467 0.56762856940924 0.37054713469317 0.197957967906542 0.531817312033454 0.710921568069829 0.612750688565299 0.175738497078478 0.33571921458871 0.224900816893897 1
C 0.363584521280703 0.244334028869791 0.352056541156292 0.430172413930305 1 0.484459992731235 0.425856084001466 0.289585616645607 0.49512804735577 0.340659567545335 0.237063808128923 0.337518811345164 0.670477261053537 0.36023841705929 0.350749583242067 0.476292775679399 0.483036086045796 0.29377848992742 0.339430398212417 0.376205483264016 1
Q 0.333934441190794 0.720136241130462 0.6543771942883 0.645617046711597 0.484459992731235 1 0.585716835288997 0.277083328350035 0.76707459063479 0.184131692636406 0.121412793525347 0.813554195795248 0.427608271090152 0.244124762755119 0.294770370257109 0.580190109900131 0.61160460475268 0.312031335448729 0.478112687279016 0.238041167225849 1
E 0.327516346461208 0.370883866131314 0.355237785669538 0.620842594424188 0.425856084001466 0.585716835288997 1 0.210740370847606 0.384089120546485 0.154988420384997 0.0973096920143798 0.603623692614062 0.336654603872071 0.155094065770908 0.216580684180132 0.422918503414049 0.398946230285492 0.0883087276769663 0.169551391493838 0.210453492222389 1
G 0.504275599974349 0.0841338167821978 0.447290030619253 0.485567129579375 0.289585616645607 0.277083328350035 0.210740370847606 1 0.202705210229148 0.26360530332815 0.232712270078971 0.151992131483213 0.268978657205984 0.200071225393353 0.616745432120372 0.689835208573389 0.608120102578574 0.0183563982810474 0.221872009936642 0.352864244104986 1
H 0.273762147371483 0.702343388477813 0.594026020292738 0.46140722743501 0.49512804735577 0.76707459063479 0.384089120546485 0.202705210229148 1 0.196502387985595 0.127058748378727 0.636660835306339 0.467858863906101 0.286325191604709 0.234306486408474 0.497036064775662 0.573055326231256 0.422077958108275 0.594394116061575 0.235628230499171 1
I 0.549339883982652 0.0447273101152897 0.110536288141049 0.172922714013901 0.340659567545335 0.184131692636406 0.154988420384997 0.26360530332815 0.196502387985595 1 0.86945737706982 0.104838093466089 0.562289628768112 0.758465696907379 0.193047328791788 0.290990388734943 0.386808755663194 0.312036469297717 0.331722496370317 0.796644905792046 1
L 0.562340750456113 0 0.0518783933823599 0.110237663728467 0.237063808128923 0.121412793525347 0.0973096920143798 0.232712270078971 0.127058748378727 0.86945737706982 1 0.0539919339962501 0.440561191576668 0.660204130805512 0.114485591378571 0.237104090200367 0.341639870320588 0.219443965191129 0.261537991476069 0.800236092439235 1
K 0.251853046816967 0.758503592186455 0.53148612913791 0.56762856940924 0.337518811345164 0.813554195795248 0.603623692614062 0.151992131483213 0.636660835306339 0.104838093466089 0.0539919339962501 1 0.312306843527184 0.168167952609904 0.163964787971884 0.438839449905684 0.473810564218605 0.24537629792308 0.384392350820045 0.15074633285823 1
M 0.386444955277125 0.24568953776278 0.322533139823195 0.37054713469317 0.670477261053537 0.427608271090152 0.336654603872071 0.268978657205984 0.467858863906101 0.562289628768112 0.440561191576668 0.312306843527184 1 0.66590981246048 0.364780770293919 0.427730943423808 0.48287446897966 0.551222916682735 0.52162060209829 0.501528921083677 1
F 0.394302929404743 0.131587355042128 0.174650088722038 0.197957967906542 0.36023841705929 0.244124762755119 0.155094065770908 0.200071225393353 0.286325191604709 0.758465696907379 0.660204130805512 0.168167952609904 0.66590981246048 1 0.228779489419369 0.287336593362535 0.383146495015419 0.540270789288786 0.495814582852386 0.595202070162769 1
P 0.260702804870324 0.0883209936066554 0.488229263296947 0.531817312033454 0.350749583242067 0.294770370257109 0.216580684180132 0.616745432120372 0.234306486408474 0.193047328791788 0.114485591378571 0.163964787971884 0.364780770293919 0.228779489419369 1 0.606523314957072 0.491963209786997 0.17636414501149 0.30809650297745 0.198405021001526 1
S 0.512990598556003 0.375567273789681 0.712447477394703 0.710921568069829 0.476292775679399 0.580190109900131 0.422918503414049 0.689835208573389 0.497036064775662 0.290990388734943 0.237104090200367 0.438839449905684 0.427730943423808 0.287336593362535 0.606523314957072 1 0.833529881885953 0.209734066987594 0.427891188789903 0.371383867076057 1
T 0.592151014525782 0.444247646359206 0.671956676451446 0.612750688565299 0.483036086045796 0.61160460475268 0.398946230285492 0.608120102578574 0.573055326231256 0.386808755663194 0.341639870320588 0.473810564218605 0.48287446897966 0.383146495015419 0.491963209786997 0.833529881885953 1 0.287462339274506 0.521164921560816 0.473295131723973 1
W 0.0820656807939951 0.281346980667962 0.258473823050409 0.175738497078478 0.29377848992742 0.312031335448729 0.0883087276769663 0.0183563982810474 0.422077958108275 0.312036469297717 0.219443965191129 0.24537629792308 0.551222916682735 0.540270789288786 0.17636414501149 0.209734066987594 0.287462339274506 1 0.694044869424728 0.203013142472068 1
Y 0.239253354768765 0.462699075503789 0.502571353406519 0.33571921458871 0.339430398212417 0.478112687279016 0.169551391493838 0.221872009936642 0.594394116061575 0.331722496370317 0.261537991476069 0.384392350820045 0.52162060209829 0.495814582852386 0.30809650297745 0.427891188789903 0.521164921560816 0.694044869424728 1 0.289813839218548 1
V 0.72428623770059 0.0878371104991175 0.161063744399328 0.224900816893897 0.376205483264016 0.238041167225849 0.210453492222389 0.352864244104986 0.235628230499171 0.796644905792046 0.800236092439235 0.15074633285823 0.501528921083677 0.595202070162769 0.198405021001526 0.371383867076057 0.473295131723973 0.203013142472068 0.289813839218548 1 1
* 0 0 0 0 0 0 0 0 0 0 0 0 0 0 0 0 0 0 0 0 1
