A R N D C Q E G H I L K M F P S T W Y V *
A 1 0.257256854136646 0.45390984174206 0.525629920002973 0.209980670475593 0.549662239429015 0.599643273566508 0.339133870396395 0.452760039263804 0.552082936306465 0.682887610667137 0.460951383779639 0.585081662926293 0.473318052436671 0.128952744107112 0.553014957050911 0.513550215142788 0.254201596165299 0.273998059499389 0.54683076714077 1
R 0.257256854136646 1 0.443127594041499 0.301673995250137 0.127723519395058 0.607680177376323 0.287298958505362 0.0877435023031027 0.517924893845915 0.39434208803092 0.305709288330408 0.723089431157496 0.301819293992668 0.34975512539589 0.0797977288347963 0.478730543617154 0.556566456449052 0.234798939176197 0.478543207890624 0.419284969292075 1
N 0.45390984174206 0.443127594041499 1 0.708806312522086 0.319085151583642 0.657478312084645 0.452537519190176 0.50694071326991 0.733444726520759 0.435142853691935 0.378029681189669 0.562971189160871 0.491070128113189 0.519131825485909 0.178276671752141 0.716669367321405 0.614005602929054 0.465610488206889 0.577194507865531 0.401668024137037 1
D 0.525629920002973 0.301673995250137 0.708806312522086 1 0.273596739988783 0.65083374119808 0.663995609012032 0.36510488274234 0.651620558944649 0.360037449466779 0.380186663587725 0.484043839430482 0.55628681013213 0.46566073355209 0.238076183778518 0.567252445043435 0.474240916797535 0.437484177464754 0.396725230235852 0.307449373476704 1
C 0.209980670475593 0.127723519395058 0.319085151583642 0.273596739988783 1 0.333706702970617 0.144419439546059 0.0384334240318941 0.404369474802388 0.274249583106449 0.124522256401581 0.109620657683687 0.395790579931268 0.239051392378657 0 0.38023147279931 0.403600718489531 0.161491435498781 0.190867242925867 0.318924470755495 1
Q 0.549662239429015 0.607680177376323 0.657478312084645 0.65083374119808 0.333706702970617 1 0.632333116763344 0.244377290045073 0.768134246056195 0.531659629326062 0.498158892197153 0.731479094024345 0.618907901506874 0.540621103870251 0.244068751227986 0.656282815963573 0.670704071654179 0.422262048738904 0.508153814433624 0.516838480797388 1
E 0.599643273566508 0.287298958505362 0.452537519190176 0.663995609012032 0.144419439546059 0.632333116763344 1 0.140116982475303 0.512663905019497 0.338927366685194 0.445202736711365 0.50544892183776 0.570173849311213 0.387887021788086 0.152540500802241 0.410531811307733 0.371268499138158 0.306370780948606 0.238196496062496 0.295084632862976 1
G 0.339133870396395 0.0877435023031027 0.50694071326991 0.36510488274234 0.0384334240318941 0.244377290045073 0.140116982475303 1 0.288565043734303 0.282497219348244 0.270291003868448 0.233056258127835 0.189411404663829 0.307998196942003 0.00278134017725162 0.491082982185636 0.363967471330838 0.189493047471769 0.31862323592388 0.258359015577114 1
H 0.452760039263804 0.517924893845915 0.733444726520759 0.651620558944649 0.404369474802388 0.768134246056195 0.512663905019497 0.288565043734303 1 0.522589427037823 0.442343952640779 0.594023545566639 0.666001806764068 0.6311868521971 0.176449148432257 0.609807621931124 0.605645080477539 0.592610034973336 0.629756972725103 0.463892565546032 1
I 0.552082936306465 0.39434208803092 0.435142853691935 0.360037449466779 0.274249583106449 0.531659629326062 0.338927366685194 0.282497219348244 0.522589427037823 1 0.750989497383842 0.459149551429069 0.592359628634352 0.718876679730194 0.212891473878574 0.549199080296725 0.629621571724945 0.424863787043453 0.546506533928345 0.81210040396645 1
L 0.682887610667137 0.305709288330408 0.378029681189669 0.380186663587725 0.124522256401581 0.498158892197153 0.445202736711365 0.270291003868448 0.442343952640779 0.750989497383842 1 0.463183136393299 0.586393986013517 0.644379959881376 0.152989154653134 0.462685970424302 0.493069014440692 0.368485220028622 0.408000313263753 0.651374780928348 1
K 0.460951383779639 0.723089431157496 0.562971189160871 0.484043839430482 0.109620657683687 0.731479094024345 0.50544892183776 0.233056258127835 0.594023545566639 0.459149551429069 0.463183136393299 1 0.425683254454184 0.44735247554596 0.120435393454089 0.563286518606064 0.576277364176964 0.316994540063005 0.482899010582864 0.451654248396525 1
M 0.585081662926293 0.301819293992668 0.491070128113189 0.55628681013213 0.395790579931268 0.618907901506874 0.570173849311213 0.189411404663829 0.666001806764068 0.592359628634352 0.586393986013517 0.425683254454184 1 0.664773835734603 0.134418180747137 0.467644873771533 0.48095002346964 0.542112860908505 0.433763674908503 0.505116329655125 1
F 0.473318052436671 0.34975512539589 0.519131825485909 0.46566073355209 0.239051392378657 0.540621103870251 0.387887021788086 0.307998196942003 0.6311868521971 0.718876679730194 0.644379959881376 0.44735247554596 0.664773835734603 1 0.208376691760084 0.480116332679013 0.507112136745771 0.698310054707901 0.681308980153166 0.549749590234352 1
P 0.128952744107112 0.0797977288347963 0.178276671752141 0.238076183778518 0 0.244068751227986 0.152540500802241 0.00278134017725162 0.176449148432257 0.212891473878574 0.152989154653134 0.120435393454089 0.134418180747137 0.208376691760084 1 0.243228831352213 0.270660446120251 0.113438719132246 0.18725003965102 0.172750752666099 1
S 0.553014957050911 0.478730543617154 0.716669367321405 0.567252445043435 0.38023147279931 0.656282815963573 0.410531811307733 0.491082982185636 0.609807621931124 0.549199080296725 0.462685970424302 0.563286518606064 0.467644873771533 0.480116332679013 0.243228831352213 1 0.83688472162703 0.303449355006234 0.492130063479323 0.595518236678557 1
T 0.513550215142788 0.556566456449052 0.614005602929054 0.474240916797535 0.403600718489531 0.670704071654179 0.371268499138158 0.363967471330838 0.605645080477539 0.629621571724945 0.493069014440692 0.576277364176964 0.48095002346964 0.507112136745771 0.270660446120251 0.83688472162703 1 0.303823474669441 0.522590948222248 0.702157569024895 1
W 0.254201596165299 0.234798939176197 0.465610488206889 0.437484177464754 0.161491435498781 0.422262048738904 0.306370780948606 0.189493047471769 0.592610034973336 0.424863787043453 0.368485220028622 0.316994540063005 0.542112860908505 0.698310054707901 0.113438719132246 0.303449355006234 0.303823474669441 1 0.630346554559186 0.270438799637719 1
Y 0.273998059499389 0.478543207890624 0.577194507865531 0.396725230235852 0.190867242925867 0.508153814433624 0.238196496062496 0.31862323592388 0.629756972725103 0.546506533928345 0.408000313263753 0.482899010582864 0.433763674908503 0.681308980153166 0.18725003965102 0.492130063479323 0.522590948222248 0.630346554559186 1 0.441727588240334 1
V 0.54683076714077 0.419284969292075 0.401668024137037 0.307449373476704 0.318924470755495 0.516838480797388 0.295084632862976 0.258359015577114 0.463892565546032 0.81210040396645 0.651374780928348 0.451654248396525 0.505116329655125 0.549749590234352 0.172750752666099 0.595518236678557 0.702157569024895 0.270438799637719 0.441727588240334 1 1
* 0 0 0 0 0 0 0 0 0 0 0 0 0 0 0 0 0 0 0 0 1
