A R N D C Q E G H I L K M F P S T W Y V *
A 1 0.446687069340184 0.471309775215613 0.539976613382614 0.314375313486512 0.572578478593262 0.628361399903135 0.488067258007094 0.450643797490146 0.607063515379349 0.712140316115483 0.557991783751478 0.592949212559978 0.488605743819269 0.148208488393457 0.615018929941661 0.638246529090789 0.281144668611902 0.342488963872652 0.699494717506532 1
R 0.446687069340184 1 0.648501972399399 0.723873904490276 0.341369812780597 0.860180960891677 0.717019561065821 0.292073062032696 0.765322659965741 0.455119533726979 0.430837242947663 0.836207182047873 0.61825957516653 0.550792250911411 0.23079236509929 0.545829574567126 0.596143627494392 0.571612800091123 0.603727852418429 0.440270260805346 1
N 0.471309775215613 0.648501972399399 1 0.851892282623631 0.578952113682778 0.728991757428621 0.545389664829829 0.58768727101442 0.759794623959627 0.454951197900403 0.369933093257378 0.613607604260409 0.562378920458199 0.513305062406606 0.257105138500775 0.796796767601587 0.772242695474311 0.497668882960197 0.607994867058639 0.487618477287917 1
D 0.539976613382614 0.723873904490276 0.851892282623631 1 0.451905625113053 0.817939031357234 0.674289733174865 0.543450854658528 0.725818230748422 0.464158925522785 0.424667025088133 0.734955145217082 0.566083231249157 0.505659775151001 0.296074098022312 0.782067193714623 0.765780039630584 0.461329427119049 0.564497811324452 0.497243285788381 1
C 0.314375313486512 0.341369812780597 0.578952113682778 0.451905625113053 1 0.416639980840797 0.234650468363692 0.489988393205011 0.56844396567063 0.420175090190721 0.268342388886098 0.286414749958064 0.512051290564678 0.464834465096895 0 0.54780533469675 0.557297795136404 0.452353096067857 0.5046573835688 0.453293752701588 1
Q 0.572578478593262 0.860180960891677 0.728991757428621 0.817939031357234 0.416639980840797 1 0.772821658687191 0.416545066673738 0.790352106349595 0.540930453807838 0.520152922902129 0.861380119948435 0.686276688106839 0.59926782364752 0.258121015564174 0.671490146902564 0.719086681049692 0.551755338498005 0.611539376535516 0.549466128582047 1
E 0.628361399903135 0.717019561065821 0.545389664829829 0.674289733174865 0.234650468363692 0.772821658687191 1 0.321226748827457 0.571689252382621 0.452786461783415 0.526954185121907 0.87879613394443 0.569021968357723 0.453631386412247 0.176562130953938 0.55150811503079 0.576443996020689 0.358811028052219 0.404037409252337 0.478879499948421 1
G 0.488067258007094 0.292073062032696 0.58768727101442 0.543450854658528 0.489988393205011 0.416545066673738 0.321226748827457 1 0.404234222858288 0.407125243703933 0.335544992242652 0.325287520859409 0.367742797476657 0.354833586009715 0.234221037744268 0.744757980942648 0.665306625168753 0.225903280277205 0.354461225271245 0.491142712381423 1
H 0.450643797490146 0.765322659965741 0.759794623959627 0.725818230748422 0.56844396567063 0.790352106349595 0.571689252382621 0.404234222858288 1 0.537255317035492 0.439884612574942 0.664188546333562 0.716626911020382 0.651108600781564 0.203624176424199 0.636534352990993 0.696087811819077 0.687997336921741 0.734308773630761 0.528373062231952 1
I 0.607063515379349 0.455119533726979 0.454951197900403 0.464158925522785 0.420175090190721 0.540930453807838 0.452786461783415 0.407125243703933 0.537255317035492 1 0.789980571404812 0.461824794560767 0.741373115237806 0.813439237867994 0.268246575211427 0.542835685731379 0.650839593553669 0.556218706643707 0.587363874131794 0.879051441059835 1
L 0.712140316115483 0.430837242947663 0.369933093257378 0.424667025088133 0.268342388886098 0.520152922902129 0.526954185121907 0.335544992242652 0.439884612574942 0.789980571404812 1 0.492552903307988 0.665185913709525 0.646915508329099 0.209713373934937 0.479445735963077 0.56733126859359 0.40471378755257 0.429285713936678 0.793610148351056 1
K 0.557991783751478 0.836207182047873 0.613607604260409 0.734955145217082 0.286414749958064 0.861380119948435 0.87879613394443 0.325287520859409 0.664188546333562 0.461824794560767 0.492552903307988 1 0.60022220352097 0.502412594327398 0.217603675040025 0.572935385391406 0.607409763524718 0.449352108179645 0.494216412167451 0.471319591175673 1
M 0.592949212559978 0.61825957516653 0.562378920458199 0.566083231249157 0.512051290564678 0.686276688106839 0.569021968357723 0.367742797476657 0.716626911020382 0.741373115237806 0.665185913709525 0.60022220352097 1 0.778644936444829 0.143896862028071 0.571166571686729 0.666411386484072 0.63861484555331 0.633377574014767 0.725899897064953 1
F 0.488605743819269 0.550792250911411 0.513305062406606 0.505659775151001 0.464834465096895 0.59926782364752 0.453631386412247 0.354833586009715 0.651108600781564 0.813439237867994 0.646915508329099 0.502412594327398 0.778644936444829 1 0.294028605610583 0.529544167951787 0.647165490078278 0.741956091838132 0.752225006460427 0.722501038653813 1
P 0.148208488393457 0.23079236509929 0.257105138500775 0.296074098022312 0 0.258121015564174 0.176562130953938 0.234221037744268 0.203624176424199 0.268246575211427 0.209713373934937 0.217603675040025 0.143896862028071 0.294028605610583 1 0.297477882108567 0.337967606353067 0.234393997310509 0.349120318465648 0.234028543409695 1
S 0.615018929941661 0.545829574567126 0.796796767601587 0.782067193714623 0.54780533469675 0.671490146902564 0.55150811503079 0.744757980942648 0.636534352990993 0.542835685731379 0.479445735963077 0.572935385391406 0.571166571686729 0.529544167951787 0.297477882108567 1 0.881124190790068 0.418179294381374 0.536726242084383 0.60822202316222 1
T 0.638246529090789 0.596143627494392 0.772242695474311 0.765780039630584 0.557297795136404 0.719086681049692 0.576443996020689 0.665306625168753 0.696087811819077 0.650839593553669 0.56733126859359 0.607409763524718 0.666411386484072 0.647165490078278 0.337967606353067 0.881124190790068 1 0.517673063964255 0.630085606464341 0.697764378855178 1
W 0.281144668611902 0.571612800091123 0.497668882960197 0.461329427119049 0.452353096067857 0.551755338498005 0.358811028052219 0.225903280277205 0.687997336921741 0.556218706643707 0.40471378755257 0.449352108179645 0.63861484555331 0.741956091838132 0.234393997310509 0.418179294381374 0.517673063964255 1 0.846717857431066 0.478203808651184 1
Y 0.342488963872652 0.603727852418429 0.607994867058639 0.564497811324452 0.5046573835688 0.611539376535516 0.404037409252337 0.354461225271245 0.734308773630761 0.587363874131794 0.429285713936678 0.494216412167451 0.633377574014767 0.752225006460427 0.349120318465648 0.536726242084383 0.630085606464341 0.846717857431066 1 0.527982845416459 1
V 0.699494717506532 0.440270260805346 0.487618477287917 0.497243285788381 0.453293752701588 0.549466128582047 0.478879499948421 0.491142712381423 0.528373062231952 0.879051441059835 0.793610148351056 0.471319591175673 0.725899897064953 0.722501038653813 0.234028543409695 0.60822202316222 0.697764378855178 0.478203808651184 0.527982845416459 1 1
* 0 0 0 0 0 0 0 0 0 0 0 0 0 0 0 0 0 0 0 0 1
