A R N D C Q E G H I L K M F P S T W Y V *
A 1 0.173063000483739 0.267801776227235 0.297299011779133 0.136208320855894 0.400784375248793 0.411549938294775 0.25879602987671 0.243806389778844 0.313344074072826 0.439137156176183 0.22978330482772 0.423527482484061 0.41115118268344 0.13491162619258 0.467701641941327 0.380247932813235 0.214780101374986 0.164114524525365 0.36764772312387 1
R 0.173063000483739 1 0.0861771155569004 0.120855984002367 0.0340867713492639 0.199405837045398 0.177322718083078 0.0430541163571314 0.188251942095443 0.125625527163103 0.100225384029093 0.118797581865472 0.0606815323037514 0.241306603473304 0.00938587083761144 0.159856551943121 0.168392289788088 0.0592130811414388 0.201406044661638 0.205612895538457 1
N 0.267801776227235 0.0861771155569004 1 0.439466384444013 0.188288414726211 0.376211582682504 0.280194301014331 0.196473329468124 0.43886185004147 0.3120046426247 0.309792088490062 0.341716295095544 0.206331786860356 0.432761330500651 0.122006057490313 0.523458230244776 0.294986201383196 0.145776128405219 0.456923344264781 0.254831299776776 1
D 0.297299011779133 0.120855984002367 0.439466384444013 1 0.137695192703817 0.354065655300523 0.629258575548566 0.15539154669558 0.229324510536661 0.30448476695021 0.173799901518759 0.107793498522799 0.172887759244614 0.368442972141153 0.119839423416885 0.3404768490301 0.272782109927176 0.188864702294219 0.368027923707008 0.295026321563918 1
C 0.136208320855894 0.0340867713492639 0.188288414726211 0.137695192703817 1 0.171169862660389 0.098689463733809 0.00429156987131218 0.0861888331451258 0.165616018063722 0.0866640005185259 0.0537686949126503 0.137762732881035 0.162311061030445 0 0.18731009910183 0.0815097681796813 0.0631673395762534 0.120500813054114 0.198074345219958 1
Q 0.400784375248793 0.199405837045398 0.376211582682504 0.354065655300523 0.171169862660389 1 0.424604369322665 0.162869823531696 0.3106451450226 0.432470553318635 0.153762564714017 0.478096606069775 0.517270549865999 0.34114932988064 0.197644293698464 0.422992020640898 0.421603774504561 0.251784799097647 0.420083935760077 0.427626348331707 1
E 0.411549938294775 0.177322718083078 0.280194301014331 0.629258575548566 0.098689463733809 0.424604369322665 1 0.0821094781790006 0.191894069986279 0.318272417162743 0.235731294780644 0.205710163108414 0.273569365524995 0.327138806509531 0.11011934474739 0.231279303981928 0.183296050722163 0.149866825160016 0.242950043786524 0.307548527008812 1
G 0.25879602987671 0.0430541163571314 0.196473329468124 0.15539154669558 0.00429156987131218 0.162869823531696 0.0821094781790006 1 0.0795883107455948 0.179214195631082 0.0484575931485567 0.0716515015178614 0.132452979286062 0.201565760656226 0.00914227955599378 0.18810770917246 0.0735091756442179 0.045680539936888 0.197680143079493 0.174569504863273 1
H 0.243806389778844 0.188251942095443 0.43886185004147 0.229324510536661 0.0861888331451258 0.3106451450226 0.191894069986279 0.0795883107455948 1 0.233192732311203 0.179715936248835 0.112364292022613 0.416713384482581 0.481225030560652 0.0869288816341982 0.294025189494961 0.208979684363672 0.0491204726472352 0.293881831020493 0.19045068398996 1
I 0.313344074072826 0.125625527163103 0.3120046426247 0.30448476695021 0.165616018063722 0.432470553318635 0.318272417162743 0.179214195631082 0.233192732311203 1 0.331039184688633 0.248223979865812 0.350146144150439 0.514189479763063 0.157759979242609 0.290534631869035 0.295157182053489 0.143317028352054 0.550861813742801 0.760842890043465 1
L 0.439137156176183 0.100225384029093 0.309792088490062 0.173799901518759 0.0866640005185259 0.153762564714017 0.235731294780644 0.0484575931485567 0.179715936248835 0.331039184688633 1 0.233127157942848 0.144855217698782 0.494602572046997 0.0884175805253877 0.314999423618261 0.149300097354544 0.144250891685435 0.215278052198933 0.289651197596201 1
K 0.22978330482772 0.118797581865472 0.341716295095544 0.107793498522799 0.0537686949126503 0.478096606069775 0.205710163108414 0.0716515015178614 0.112364292022613 0.248223979865812 0.233127157942848 1 0.181418636752904 0.180556241453131 0.0548226396413654 0.265013322181344 0.116430711802092 0.10810921991581 0.279204615784972 0.193848631977814 1
M 0.423527482484061 0.0606815323037514 0.206331786860356 0.172887759244614 0.137762732881035 0.517270549865999 0.273569365524995 0.132452979286062 0.416713384482581 0.350146144150439 0.144855217698782 0.181418636752904 1 0.406089076825289 0.0983202219149084 0.2317717354441 0.231573920806251 0.215219408799297 0.240074008628689 0.305944940040854 1
F 0.41115118268344 0.241306603473304 0.432761330500651 0.368442972141153 0.162311061030445 0.34114932988064 0.327138806509531 0.201565760656226 0.481225030560652 0.514189479763063 0.494602572046997 0.180556241453131 0.406089076825289 1 0.204644732541257 0.383151628883447 0.320862722736766 0.367182259610043 0.541589965981371 0.436574012735082 1
P 0.13491162619258 0.00938587083761144 0.122006057490313 0.119839423416885 0 0.197644293698464 0.11011934474739 0.00914227955599378 0.0869288816341982 0.157759979242609 0.0884175805253877 0.0548226396413654 0.0983202219149084 0.204644732541257 1 0.165905316460697 0.11138805925741 0.0259084014645594 0.150263010082829 0.126958791624034 1
S 0.467701641941327 0.159856551943121 0.523458230244776 0.3404768490301 0.18731009910183 0.422992020640898 0.231279303981928 0.18810770917246 0.294025189494961 0.290534631869035 0.314999423618261 0.265013322181344 0.2317717354441 0.383151628883447 0.165905316460697 1 0.680004069356377 0.212968047000638 0.332001228524571 0.363736386119032 1
T 0.380247932813235 0.168392289788088 0.294986201383196 0.272782109927176 0.0815097681796813 0.421603774504561 0.183296050722163 0.0735091756442179 0.208979684363672 0.295157182053489 0.149300097354544 0.116430711802092 0.231573920806251 0.320862722736766 0.11138805925741 0.680004069356377 1 0.192374198123202 0.308119368636952 0.42317863962189 1
W 0.214780101374986 0.0592130811414388 0.145776128405219 0.188864702294219 0.0631673395762534 0.251784799097647 0.149866825160016 0.045680539936888 0.0491204726472352 0.143317028352054 0.144250891685435 0.10810921991581 0.215219408799297 0.367182259610043 0.0259084014645594 0.212968047000638 0.192374198123202 1 0.32869257272015 0.104301272584387 1
Y 0.164114524525365 0.201406044661638 0.456923344264781 0.368027923707008 0.120500813054114 0.420083935760077 0.242950043786524 0.197680143079493 0.293881831020493 0.550861813742801 0.215278052198933 0.279204615784972 0.240074008628689 0.541589965981371 0.150263010082829 0.332001228524571 0.308119368636952 0.32869257272015 1 0.450296171824138 1
V 0.36764772312387 0.205612895538457 0.254831299776776 0.295026321563918 0.198074345219958 0.427626348331707 0.307548527008812 0.174569504863273 0.19045068398996 0.760842890043465 0.289651197596201 0.193848631977814 0.305944940040854 0.436574012735082 0.126958791624034 0.363736386119032 0.42317863962189 0.104301272584387 0.450296171824138 1 1
* 0 0 0 0 0 0 0 0 0 0 0 0 0 0 0 0 0 0 0 0 1
