A R N D C Q E G H I L K M F P S T W Y V *
A 1 1.33791691202916 2.20337969532595 1.70063455960493 1.4444085520908 1.91132125097038 1.9596619025045 2.09308681314894 1.63305684486515 2.77141157511702 2.53858730078951 1.48853637701939 1.76795014054697 2.03929286547432 1.40452700312408 4.52667445801129 2.70362799109749 1.37788738898261 1.66770881356999 3.96601123087429 1
R 1.33791691202916 1 1.32579147995453 1.21707963015719 1.11489276043824 1.56469563212436 1.50211223288784 1.24387163266443 1.92334284800518 1.28797900365409 1.30451205637458 1.34390353938141 1.16221960879098 1.51899314288866 1.0566144521536 1.43653131069389 1.42622287824787 1.39528095824165 1.23562903201651 1.4625541469867 1
N 2.20337969532595 1.32579147995453 1 1.84314694822252 1.26031381996709 4.28692312223546 2.48221154561578 1.364806987024 2.12430249930293 2.49155172742011 1.59506522705158 1.46243163437586 2.63631756481807 1.6723024754682 1.52005359391475 3.64137264581656 2.21323558180896 1.37361613498161 1.98497107054923 1.85411001582179 1
D 1.70063455960493 1.21707963015719 1.84314694822252 1 1.97879047981307 2.37490239264766 4.22089316819743 1.4347348321833 1.47323489836476 1.64307018695381 1.48849700521508 2.0696801149356 1.77962369891617 1.71299500294059 1.46266686670912 1.91229873514769 3.99014862077527 1.64127277637941 1.67255555668702 1.74613357891087 1
C 1.4444085520908 1.11489276043824 1.26031381996709 1.97879047981307 1 1.40390271069129 1.55657205163431 1.3259928979858 1.44717537033792 1.41946791533938 1.26654544677597 1.14145124660535 1.57636494447988 1.70267627948435 1.17124249269366 1.42610670166628 2.11808562878482 1.61736393535491 1.19013074058438 1.68170618490706 1
Q 1.91132125097038 1.56469563212436 4.28692312223546 2.37490239264766 1.40390271069129 1 3.77750847153757 1.46252052014702 2.54437387103137 2.14104145677995 1.62475048827378 1.79459869912099 2.4904684403126 1.91860295913435 1.76279494957032 2.68810540437707 2.53944626508777 1.72731472572496 2.28262036136205 1.80279352142162 1
E 1.9596619025045 1.50211223288784 2.48221154561578 4.22089316819743 1.55657205163431 3.77750847153757 1 1.47150629723576 1.73487300174519 1.97813655395318 1.75090626568851 2.78390468280161 1.9355497421061 1.93767287927743 1.49905303293246 2.41286029905477 4.05960300616102 1.73585782715645 2.11793480515956 1.99403754848856 1
G 2.09308681314894 1.24387163266443 1.364806987024 1.4347348321833 1.3259928979858 1.46252052014702 1.47150629723576 1 1.43278882716338 1.39275945242435 1.70512678179931 1.30897017655918 1.22601481588212 1.60449357979211 1.97182610540782 1.7650982278451 1.67895079753435 1.34308440004243 1.32558819225194 1.68506657961037 1
H 1.63305684486515 1.92334284800518 2.12430249930293 1.47323489836476 1.44717537033792 2.54437387103137 1.73487300174519 1.43278882716338 1 1.80100804432525 1.41313188028507 1.19611532738449 2.0878835697216 1.9541978207359 1.52852378826326 1.9553509009819 1.72137248632005 1.7648363725225 1.58493686795919 1.67316915692218 1
I 2.77141157511702 1.28797900365409 2.49155172742011 1.64307018695381 1.41946791533938 2.14104145677995 1.97813655395318 1.39275945242435 1.80100804432525 1 2.85902345836592 1.46081311482276 3.13453178873297 2.91974970181709 1.33263216863536 2.5898642387212 2.29964676921232 1.76882036920788 2.56599195676739 3.51112522920438 1
L 2.53858730078951 1.30451205637458 1.59506522705158 1.48849700521508 1.26654544677597 1.62475048827378 1.75090626568851 1.70512678179931 1.41313188028507 2.85902345836592 1 1.75075484549665 1.65968454420032 3.17118190915808 1.37761860818785 1.88479467317466 1.96131301827295 1.85822682885497 2.48722249236237 3.20169849475512 1
K 1.48853637701939 1.34390353938141 1.46243163437586 2.0696801149356 1.14145124660535 1.79459869912099 2.78390468280161 1.30897017655918 1.19611532738449 1.46081311482276 1.75075484549665 1 1.26465361282375 1.59432198107061 1.24955700193013 1.51499343404902 2.00637123181061 1.50633968035716 1.88463863988056 1.56386163415121 1
M 1.76795014054697 1.16221960879098 2.63631756481807 1.77962369891617 1.57636494447988 2.4904684403126 1.9355497421061 1.22601481588212 2.0878835697216 3.13453178873297 1.65968454420032 1.26465361282375 1 2.23006874765501 1.46022757174459 2.0109119153484 2.03028698397933 1.86204125871927 2.26993218770767 1.92501046851833 1
F 2.03929286547432 1.51899314288866 1.6723024754682 1.71299500294059 1.70267627948435 1.91860295913435 1.93767287927743 1.60449357979211 1.9541978207359 2.91974970181709 3.17118190915808 1.59432198107061 2.23006874765501 1 1.48300355232002 1.80789815837397 2.21115640955134 3.65266148383504 2.58921599328807 3.02133129904533 1
P 1.40452700312408 1.0566144521536 1.52005359391475 1.46266686670912 1.17124249269366 1.76279494957032 1.49905303293246 1.97182610540782 1.52852378826326 1.33263216863536 1.37761860818785 1.24955700193013 1.46022757174459 1.48300355232002 1 1.44599244571803 1.4103242780268 1.50230644619271 1.65452466408948 1.24489276597989 1
S 4.52667445801129 1.43653131069389 3.64137264581656 1.91229873514769 1.42610670166628 2.68810540437707 2.41286029905477 1.7650982278451 1.9553509009819 2.5898642387212 1.88479467317466 1.51499343404902 2.0109119153484 1.80789815837397 1.44599244571803 1 2.95975876604809 1.34077276410374 1.68083231882303 2.69159261230217 1
T 2.70362799109749 1.42622287824787 2.21323558180896 3.99014862077527 2.11808562878482 2.53944626508777 4.05960300616102 1.67895079753435 1.72137248632005 2.29964676921232 1.96131301827295 2.00637123181061 2.03028698397933 2.21115640955134 1.4103242780268 2.95975876604809 1 1.71335286596991 1.79848604854547 2.95123829797036 1
W 1.37788738898261 1.39528095824165 1.37361613498161 1.64127277637941 1.61736393535491 1.72731472572496 1.73585782715645 1.34308440004243 1.7648363725225 1.76882036920788 1.85822682885497 1.50633968035716 1.86204125871927 3.65266148383504 1.50230644619271 1.34077276410374 1.71335286596991 1 2.2793309326881 1.70980901522349 1
Y 1.66770881356999 1.23562903201651 1.98497107054923 1.67255555668702 1.19013074058438 2.28262036136205 2.11793480515956 1.32558819225194 1.58493686795919 2.56599195676739 2.48722249236237 1.88463863988056 2.26993218770767 2.58921599328807 1.65452466408948 1.68083231882303 1.79848604854547 2.2793309326881 1 1.81590267481342 1
V 3.96601123087429 1.4625541469867 1.85411001582179 1.74613357891087 1.68170618490706 1.80279352142162 1.99403754848856 1.68506657961037 1.67316915692218 3.51112522920438 3.20169849475512 1.56386163415121 1.92501046851833 3.02133129904533 1.24489276597989 2.69159261230217 2.95123829797036 1.70980901522349 1.81590267481342 1 1
* 0 0 0 0 0 0 0 0 0 0 0 0 0 0 0 0 0 0 0 0 1
