A R N D C Q E G H I L K M F P S T W Y V *
A 1 0.21025405789132 0.520457388985198 0.378694002079399 0.268479509745256 0.447181131054154 0.460817985590666 0.495188424332968 0.352983666504976 0.618745024506513 0.583778563839426 0.29016551529003 0.402350536974584 0.481872138111049 0.247707982969793 0.766580419697818 0.609186450342716 0.233163420608865 0.36642749408288 0.733582586976014 1
R 0.21025405789132 1 0.203031194475737 0.131844436491684 0.0522725685847406 0.324715663250715 0.296580888551689 0.150543814645661 0.450636451400496 0.179633791268408 0.190030903133176 0.213772104030657 0.0908650618511229 0.304398142216597 0 0.26446820595701 0.259151940227135 0.242722803667327 0.144877285353806 0.277555327212642 1
N 0.520457388985198 0.203031194475737 1 0.426733471700359 0.161625909822052 0.753526148702517 0.574325381726688 0.225814007255645 0.502606407279415 0.575921125567928 0.337572887782954 0.277494805694251 0.599208203801305 0.368167859789968 0.304883422279607 0.70983072733094 0.522592867728074 0.230778945263517 0.46769277002045 0.430123108587337 1
D 0.378694002079399 0.131844436491684 0.426733471700359 1 0.466030151785742 0.555091419578032 0.74967041096545 0.2635472224887 0.282792952212572 0.356926770053248 0.290146739663122 0.489479342953207 0.406270857823985 0.383177154434319 0.277611002065768 0.447463708084293 0.7351942114005 0.35622251988822 0.368263464894083 0.394883378388122 1
C 0.268479509745256 0.0522725685847406 0.161625909822052 0.466030151785742 1 0.247373451089557 0.321191427634703 0.203152253863038 0.269878085399644 0.255626393005874 0.165750858097316 0.0743236250379065 0.329714571582133 0.379439024972148 0.0978687515652096 0.259091587663784 0.501146489172016 0.346705816139182 0.11218623624932 0.371700918010242 1
Q 0.447181131054154 0.324715663250715 0.753526148702517 0.555091419578032 0.247373451089557 1 0.72028799932154 0.277538716484205 0.584725160015378 0.506495099005362 0.349675867291965 0.411225221175552 0.575736662609153 0.449279254405856 0.400602745990876 0.606929679753961 0.583919350182791 0.388290717136022 0.537104605724661 0.413901570202897 1
E 0.460817985590666 0.296580888551689 0.574325381726688 0.74967041096545 0.321191427634703 0.72028799932154 1 0.281950438038582 0.390955735036107 0.465853633793873 0.396532828250454 0.620455952144788 0.454101111860919 0.454699261442097 0.295145382490808 0.562090497917544 0.739724684765963 0.391301271553749 0.50111096452093 0.470113061334026 1
G 0.495188424332968 0.150543814645661 0.225814007255645 0.2635472224887 0.203152253863038 0.277538716484205 0.281950438038582 1 0.262546976831558 0.241351799613079 0.380330856665905 0.192789514172836 0.138171546978112 0.341465453360988 0.464144201531873 0.401384900010036 0.370669793477385 0.213292588224369 0.202908974046756 0.372953885063747 1
H 0.352983666504976 0.450636451400496 0.502606407279415 0.282792952212572 0.269878085399644 0.584725160015378 0.390955735036107 0.262546976831558 1 0.413320525978291 0.252288857894527 0.116628281602181 0.493930376445995 0.459310392764786 0.30873535612151 0.459629240141494 0.386179074807664 0.40129608126595 0.333339722537888 0.368495141222144 1
I 0.618745024506513 0.179633791268408 0.575921125567928 0.356926770053248 0.255626393005874 0.506495099005362 0.465853633793873 0.241351799613079 0.413320525978291 1 0.630428197760394 0.276694300296034 0.662911553185841 0.638114715279866 0.207122207446337 0.59201936674668 0.540531847630009 0.402644570049372 0.588223786373549 0.699066714178966 1
L 0.583778563839426 0.190030903133176 0.337572887782954 0.290146739663122 0.165750858097316 0.349675867291965 0.396532828250454 0.380330856665905 0.252288857894527 0.630428197760394 1 0.396480635269145 0.363364287601587 0.666807366331714 0.233013806670703 0.439400764872764 0.461271891682024 0.431385643697394 0.57518297804149 0.669983149917301 1
K 0.29016551529003 0.213772104030657 0.277494805694251 0.489479342953207 0.0743236250379065 0.411225221175552 0.620455952144788 0.192789514172836 0.116628281602181 0.276694300296034 0.396480635269145 1 0.164502879334391 0.337264075451015 0.154408762048066 0.302561695379983 0.473370413510123 0.298554989998621 0.439354351654083 0.324355538188593 1
M 0.402350536974584 0.0908650618511229 0.599208203801305 0.406270857823985 0.329714571582133 0.575736662609153 0.454101111860919 0.138171546978112 0.493930376445995 0.662911553185841 0.363364287601587 0.164502879334391 1 0.52619646669428 0.276404258761375 0.474559554752781 0.479573843259018 0.432550461915997 0.534517172858523 0.45111236046063 1
F 0.481872138111049 0.304398142216597 0.368167859789968 0.383177154434319 0.379439024972148 0.449279254405856 0.454699261442097 0.341465453360988 0.459310392764786 0.638114715279866 0.666807366331714 0.337264075451015 0.52619646669428 1 0.287517248019649 0.415556430952989 0.522143957076288 0.71072751832337 0.591917223247259 0.650281830235741 1
P 0.247707982969793 0 0.304883422279607 0.277611002065768 0.0978687515652096 0.400602745990876 0.295145382490808 0.464144201531873 0.30873535612151 0.207122207446337 0.233013806670703 0.154408762048066 0.276404258761375 0.287517248019649 1 0.269280793767269 0.250800352361567 0.296671824292989 0.361378844881058 0.151240587921716 1
S 0.766580419697818 0.26446820595701 0.70983072733094 0.447463708084293 0.259091587663784 0.606929679753961 0.562090497917544 0.401384900010036 0.459629240141494 0.59201936674668 0.439400764872764 0.302561695379983 0.474559554752781 0.415556430952989 0.269280793767269 1 0.643006563820602 0.21193622033342 0.371374264808592 0.607438938818508 1
T 0.609186450342716 0.259151940227135 0.522592867728074 0.7351942114005 0.501146489172016 0.583919350182791 0.739724684765963 0.370669793477385 0.386179074807664 0.540531847630009 0.461271891682024 0.473370413510123 0.479573843259018 0.522143957076288 0.250800352361567 0.643006563820602 1 0.383305988427863 0.412497832269456 0.641975894362626 1
W 0.233163420608865 0.242722803667327 0.230778945263517 0.35622251988822 0.346705816139182 0.388290717136022 0.391301271553749 0.213292588224369 0.40129608126595 0.402644570049372 0.431385643697394 0.298554989998621 0.432550461915997 0.71072751832337 0.296671824292989 0.21193622033342 0.383305988427863 1 0.536436575750982 0.382027792141749 1
Y 0.36642749408288 0.144877285353806 0.46769277002045 0.368263464894083 0.11218623624932 0.537104605724661 0.50111096452093 0.202908974046756 0.333339722537888 0.588223786373549 0.57518297804149 0.439354351654083 0.534517172858523 0.591917223247259 0.361378844881058 0.371374264808592 0.412497832269456 0.536436575750982 1 0.41813266382122 1
V 0.733582586976014 0.277555327212642 0.430123108587337 0.394883378388122 0.371700918010242 0.413901570202897 0.470113061334026 0.372953885063747 0.368495141222144 0.699066714178966 0.669983149917301 0.324355538188593 0.45111236046063 0.650281830235741 0.151240587921716 0.607438938818508 0.641975894362626 0.382027792141749 0.41813266382122 1 1
* 0 0 0 0 0 0 0 0 0 0 0 0 0 0 0 0 0 0 0 0 1
