A R N D C Q E G H I L K M F P S T W Y V *
A 1 0.322961258210767 0.644009656015522 0.420829786333272 0.371591256035732 0.680555419686546 0.446315076353616 0.416077590769944 0.705556309731939 0.487916360148025 0.739925811449423 0.641580125713013 0.80749631622747 0.578444118858495 0.379681027270535 0.634420997368405 0.395517098786689 0.473801316258937 0.396622436857092 0.468397750704798 1
R 0.322961258210767 1 0.268436707010567 0.000457051576832845 0.0526608714669399 0.520442660871419 0.00960523585529705 0.0709199397000849 0.519392956413447 0.398150166272245 0.300798788680435 0.567915718272977 0.310649429059933 0.434883061130252 0.232950409396853 0.420574639803379 0.51814270275535 0.277492652769613 0.444606303570145 0.488929375184422 1
N 0.644009656015522 0.268436707010567 1 0.555095677396823 0.537614835917666 0.6249834369208 0.457429967541082 0.512344799158123 0.673390756851152 0.321569668857499 0.47393111403294 0.549751252219625 0.539178877745086 0.40238479344826 0.47672775068773 0.742830554824963 0.37352683859184 0.327950193686409 0.321652743603709 0.337440090584875 1
D 0.420829786333272 0.000457051576832845 0.555095677396823 1 0.467517789891607 0.393305419450696 0.760859433223378 0.192088085217928 0.328610255492034 0.144931431672404 0.3185274643893 0.203194574474181 0.332177536577231 0.223641920647096 0.357791956858401 0.389962162913224 0.111488479721739 0.248187032804165 0.111749189358551 0.141957336883041 1
C 0.371591256035732 0.0526608714669399 0.537614835917666 0.467517789891607 1 0.355804215554901 0.435270878933901 0.172226498918981 0.373712776314464 0.0596332168465128 0.208188900383948 0.218867384626983 0.311093248687037 0.119636699462648 0.236143848005383 0.411374524300562 0.130015266811685 0.0432572246677042 0 0.115138465846976 1
Q 0.680555419686546 0.520442660871419 0.6249834369208 0.393305419450696 0.355804215554901 1 0.394098693883742 0.267630996047144 0.801084622213605 0.586931524561599 0.616039872555774 0.719877641377516 0.643133719653738 0.637363820203606 0.510913922231766 0.744235300654352 0.624282409065472 0.498335911276313 0.542697983000974 0.634823533669171 1
E 0.446315076353616 0.00960523585529705 0.457429967541082 0.760859433223378 0.435270878933901 0.394098693883742 1 0.0861913816888987 0.310670474255166 0.145410262440383 0.347332796553872 0.201171873660506 0.374781445853314 0.224495082315089 0.259849397417682 0.31459624422943 0.0722657314896263 0.241077673044987 0.068321381285915 0.143694049714908 1
G 0.416077590769944 0.0709199397000849 0.512344799158123 0.192088085217928 0.172226498918981 0.267630996047144 0.0861913816888987 1 0.398125540357234 0.110613685521265 0.280056043949753 0.365402589529489 0.322443680011968 0.205300088531723 0.214464122808415 0.420199659526355 0.105612822368918 0.137262601049394 0.148561545180314 0.081893295675406 1
H 0.705556309731939 0.519392956413447 0.673390756851152 0.328610255492034 0.373712776314464 0.801084622213605 0.310670474255166 0.398125540357234 1 0.528857009482526 0.604689537821521 0.804337955434626 0.687101063326551 0.61059554104563 0.438003112906469 0.761669845279606 0.562271630810107 0.458483138471977 0.515578482284172 0.55603180526394 1
I 0.487916360148025 0.398150166272245 0.321569668857499 0.144931431672404 0.0596332168465128 0.586931524561599 0.145410262440383 0.110613685521265 0.528857009482526 1 0.66566936045704 0.517379471767996 0.532813598467291 0.824273290225859 0.335875728887803 0.485228857886857 0.621938646058532 0.646859730811014 0.755136957491062 0.833986578337927 1
L 0.739925811449423 0.300798788680435 0.47393111403294 0.3185274643893 0.208188900383948 0.616039872555774 0.347332796553872 0.280056043949753 0.604689537821521 0.66566936045704 1 0.568194310038712 0.779939817018982 0.750627252653976 0.314821234178819 0.526518657063147 0.429429854844645 0.661993352765394 0.537888679328309 0.582164213117007 1
K 0.641580125713013 0.567915718272977 0.549751252219625 0.203194574474181 0.218867384626983 0.719877641377516 0.201171873660506 0.365402589529489 0.804337955434626 0.517379471767996 0.568194310038712 1 0.614200709111233 0.57808951906826 0.347647229440488 0.667045877602852 0.56129198205145 0.41679835397058 0.518644206356086 0.540204234761366 1
M 0.80749631622747 0.310649429059933 0.539178877745086 0.332177536577231 0.311093248687037 0.643133719653738 0.374781445853314 0.322443680011968 0.687101063326551 0.532813598467291 0.779939817018982 0.614200709111233 1 0.635192755602199 0.306055424830318 0.548763348146956 0.384454845278395 0.542258401472879 0.429065287519209 0.487350253679351 1
F 0.578444118858495 0.434883061130252 0.40238479344826 0.223641920647096 0.119636699462648 0.637363820203606 0.224495082315089 0.205300088531723 0.61059554104563 0.824273290225859 0.750627252653976 0.57808951906826 0.635192755602199 1 0.360016658164896 0.522933696919975 0.554329960179498 0.758163397370449 0.747546233193443 0.724573889246764 1
P 0.379681027270535 0.232950409396853 0.47672775068773 0.357791956858401 0.236143848005383 0.510913922231766 0.259849397417682 0.214464122808415 0.438003112906469 0.335875728887803 0.314821234178819 0.347647229440488 0.306055424830318 0.360016658164896 1 0.556779872706379 0.416979350943546 0.277164577310917 0.339044295145216 0.365037815500233 1
S 0.634420997368405 0.420574639803379 0.742830554824963 0.389962162913224 0.411374524300562 0.744235300654352 0.31459624422943 0.420199659526355 0.761669845279606 0.485228857886857 0.526518657063147 0.667045877602852 0.548763348146956 0.522933696919975 0.556779872706379 1 0.615863622930904 0.389875411368589 0.486933255633975 0.532447128700138 1
T 0.395517098786689 0.51814270275535 0.37352683859184 0.111488479721739 0.130015266811685 0.624282409065472 0.0722657314896263 0.105612822368918 0.562271630810107 0.621938646058532 0.429429854844645 0.56129198205145 0.384454845278395 0.554329960179498 0.416979350943546 0.615863622930904 1 0.387908179322358 0.633963761277318 0.734192108470875 1
W 0.473801316258937 0.277492652769613 0.327950193686409 0.248187032804165 0.0432572246677042 0.498335911276313 0.241077673044987 0.137262601049394 0.458483138471977 0.646859730811014 0.661993352765394 0.41679835397058 0.542258401472879 0.758163397370449 0.277164577310917 0.389875411368589 0.387908179322358 1 0.650933236315874 0.529975404532304 1
Y 0.396622436857092 0.444606303570145 0.321652743603709 0.111749189358551 0 0.542697983000974 0.068321381285915 0.148561545180314 0.515578482284172 0.755136957491062 0.537888679328309 0.518644206356086 0.429065287519209 0.747546233193443 0.339044295145216 0.486933255633975 0.633963761277318 0.650933236315874 1 0.697530705535815 1
V 0.468397750704798 0.488929375184422 0.337440090584875 0.141957336883041 0.115138465846976 0.634823533669171 0.143694049714908 0.081893295675406 0.55603180526394 0.833986578337927 0.582164213117007 0.540204234761366 0.487350253679351 0.724573889246764 0.365037815500233 0.532447128700138 0.734192108470875 0.529975404532304 0.697530705535815 1 1
* 0 0 0 0 0 0 0 0 0 0 0 0 0 0 0 0 0 0 0 0 1
