A R N D C Q E G H I L K M F P S T W Y V *
A 1 0.354141623911379 0.489523574156404 0.272219761083096 0.371687725717109 0.68476637435586 0.407570083057915 0.564090131159792 0.365243975442057 0.520995289028786 0.648590501941799 0.566245143709748 0.682293848908276 0.504422305726923 0.583753412822926 0.659677918946082 0.546551389136588 0.367694927703367 0.375152207981789 0.512244652675404 1
R 0.354141623911379 1 0.287197444227747 0 0.164468144141046 0.489213540106113 0.0734472106881368 0.277496447481775 0.31578619947856 0.382767107465676 0.357040114716428 0.621690927701823 0.369528128165853 0.408026729204356 0.220315666838983 0.349633295135089 0.326223177059334 0.299690831893387 0.370734630256825 0.384222449322018 1
N 0.489523574156404 0.287197444227747 1 0.537591765789093 0.412486535873623 0.652799362941086 0.541567785998216 0.350230878110765 0.701587072224327 0.40663510867499 0.462113696732286 0.465055043572178 0.426845277946193 0.557207934234003 0.394348487430344 0.6667962435741 0.443952389295396 0.256554483153444 0.457645269395302 0.390925967023436 1
D 0.272219761083096 0 0.537591765789093 1 0.35090465833024 0.382080495512781 0.781135740855072 0.200687631311963 0.301748008480769 0.131484107011524 0.14576412027505 0.136497446467789 0.137444790589811 0.194452885696006 0.308443934292007 0.362743005635378 0.176401237179139 0.0881153140362856 0.137210552818169 0.132664611751141 1
C 0.371687725717109 0.164468144141046 0.412486535873623 0.35090465833024 1 0.420288045339672 0.380753114176671 0.336477837552736 0.225785357224335 0.245264781611091 0.178321356283092 0.213310988878585 0.25360734690947 0.18529702370893 0.291107801662733 0.513000693645198 0.404872720983898 0.140116841099443 0.130650166804982 0.316491701508146 1
Q 0.68476637435586 0.489213540106113 0.652799362941086 0.382080495512781 0.420288045339672 1 0.473038062177442 0.430572363336073 0.519997200369811 0.631622440930427 0.633233141787078 0.692504748372023 0.63939309367271 0.633605570841218 0.524301289231642 0.717699601293601 0.586018349550483 0.433719631578505 0.548505370238031 0.61031328745368 1
E 0.407570083057915 0.0734472106881368 0.541567785998216 0.781135740855072 0.380753114176671 0.473038062177442 1 0.307144084353282 0.318116185996365 0.223039515958536 0.244568324899557 0.224706514377252 0.242448388499238 0.246356793312225 0.391409740107964 0.422828433968436 0.257177009922124 0.139040491922628 0.173270575096669 0.227359799101953 1
G 0.564090131159792 0.277496447481775 0.350230878110765 0.200687631311963 0.336477837552736 0.430572363336073 0.307144084353282 1 0.257405771641862 0.30477054545702 0.306950839737504 0.39068899525115 0.316376094478015 0.239731896830983 0.415202627856417 0.445836616507006 0.324317623560991 0.163733435510218 0.170738157698051 0.348228038994521 1
H 0.365243975442057 0.31578619947856 0.701587072224327 0.301748008480769 0.225785357224335 0.519997200369811 0.318116185996365 0.257405771641862 1 0.384452861142705 0.43179667707826 0.458967343554633 0.356222827301423 0.605235427819023 0.229246696042561 0.507549210075247 0.354323273781386 0.189101670023291 0.493227252924208 0.351863814643466 1
I 0.520995289028786 0.382767107465676 0.40663510867499 0.131484107011524 0.245264781611091 0.631622440930427 0.223039515958536 0.30477054545702 0.384452861142705 1 0.615256077288136 0.589946849705758 0.524001328634829 0.602374144737121 0.319373985424603 0.530350579671026 0.550838510860569 0.394383672584552 0.601780819128116 0.849969099045263 1
L 0.648590501941799 0.357040114716428 0.462113696732286 0.14576412027505 0.178321356283092 0.633233141787078 0.244568324899557 0.306950839737504 0.43179667707826 0.615256077288136 1 0.639105206374336 0.706521237873145 0.737060534722588 0.425781531522159 0.547580963095541 0.464674022640863 0.460565620124608 0.589050304582933 0.515679313338404 1
K 0.566245143709748 0.621690927701823 0.465055043572178 0.136497446467789 0.213310988878585 0.692504748372023 0.224706514377252 0.39068899525115 0.458967343554633 0.589946849705758 0.639105206374336 1 0.572208095974755 0.617505124709353 0.382710424685812 0.513767386733416 0.41801799186394 0.435935156697034 0.568689631755329 0.540852310771977 1
M 0.682293848908276 0.369528128165853 0.426845277946193 0.137444790589811 0.25360734690947 0.63939309367271 0.242448388499238 0.316376094478015 0.356222827301423 0.524001328634829 0.706521237873145 0.572208095974755 1 0.589439130719546 0.447807972806369 0.559628463821593 0.493100101947135 0.340036153404777 0.402194174481687 0.473568038069187 1
F 0.504422305726923 0.408026729204356 0.557207934234003 0.194452885696006 0.18529702370893 0.633605570841218 0.246356793312225 0.239731896830983 0.605235427819023 0.602374144737121 0.737060534722588 0.617505124709353 0.589439130719546 1 0.343777663374995 0.553453354324302 0.46443250041929 0.454397201010686 0.731829821387019 0.501587767255089 1
P 0.583753412822926 0.220315666838983 0.394348487430344 0.308443934292007 0.291107801662733 0.524301289231642 0.391409740107964 0.415202627856417 0.229246696042561 0.319373985424603 0.425781531522159 0.382710424685812 0.447807972806369 0.343777663374995 1 0.487516171010979 0.361053257992574 0.328532207170721 0.258908862339428 0.298980616335728 1
S 0.659677918946082 0.349633295135089 0.6667962435741 0.362743005635378 0.513000693645198 0.717699601293601 0.422828433968436 0.445836616507006 0.507549210075247 0.530350579671026 0.547580963095541 0.513767386733416 0.559628463821593 0.553453354324302 0.487516171010979 1 0.730664645797951 0.343221939350233 0.466819160791464 0.549390378267805 1
T 0.546551389136588 0.326223177059334 0.443952389295396 0.176401237179139 0.404872720983898 0.586018349550483 0.257177009922124 0.324317623560991 0.354323273781386 0.550838510860569 0.464674022640863 0.41801799186394 0.493100101947135 0.46443250041929 0.361053257992574 0.730664645797951 1 0.289024152396066 0.416306446607392 0.596217149998998 1
W 0.367694927703367 0.299690831893387 0.256554483153444 0.0881153140362856 0.140116841099443 0.433719631578505 0.139040491922628 0.163733435510218 0.189101670023291 0.394383672584552 0.460565620124608 0.435935156697034 0.340036153404777 0.454397201010686 0.328532207170721 0.343221939350233 0.289024152396066 1 0.548739829920654 0.313481336628111 1
Y 0.375152207981789 0.370734630256825 0.457645269395302 0.137210552818169 0.130650166804982 0.548505370238031 0.173270575096669 0.170738157698051 0.493227252924208 0.601780819128116 0.589050304582933 0.568689631755329 0.402194174481687 0.731829821387019 0.258908862339428 0.466819160791464 0.416306446607392 0.548739829920654 1 0.496276545735162 1
V 0.512244652675404 0.384222449322018 0.390925967023436 0.132664611751141 0.316491701508146 0.61031328745368 0.227359799101953 0.348228038994521 0.351863814643466 0.849969099045263 0.515679313338404 0.540852310771977 0.473568038069187 0.501587767255089 0.298980616335728 0.549390378267805 0.596217149998998 0.313481336628111 0.496276545735162 1 1
* 0 0 0 0 0 0 0 0 0 0 0 0 0 0 0 0 0 0 0 0 1
