A R N D C Q E G H I L K M F P S T W Y V *
A 1 0.468920760811376 0.518701950487905 0.427519716323588 0.193765302192385 0.694627969319112 0.533097405680679 0.540010172217256 0.445275278091994 0.595247029301616 0.755055914501221 0.641398027477541 0.702377355180687 0.643084542088358 0.393768425921471 0.560156543995217 0.383399859255 0.465748844864965 0.382791912793817 0.582357835920268 1
R 0.468920760811376 1 0.544833060698448 0.402813499767595 0.30525914890722 0.589994125619865 0.345214281678943 0.411945241670626 0.479914164912353 0.489788545394154 0.395624136150511 0.579904709541939 0.431407962454776 0.489475340837857 0.207472821370739 0.677884179288809 0.553092912075894 0.392426102227713 0.452889026494083 0.583268302106723 1
N 0.518701950487905 0.544833060698448 1 0.663632962493668 0.463848927947225 0.729196863417365 0.594963056595787 0.39875705533097 0.741226053202464 0.561202852307352 0.481345887762817 0.599186516026779 0.500370930978525 0.600058810825767 0.199423079839932 0.700757416462993 0.45260214212672 0.444923915803553 0.553216389594461 0.605861618002651 1
D 0.427519716323588 0.402813499767595 0.663632962493668 1 0.328100295044698 0.563890066182141 0.715145192035541 0.287847578387669 0.532270486966522 0.452495243006167 0.343098227038176 0.35456554836902 0.389687493042201 0.500843396880814 0.105107077556563 0.533022973711735 0.372834134978083 0.407806394215781 0.443076335407704 0.486973477160347 1
C 0.193765302192385 0.30525914890722 0.463848927947225 0.328100295044698 1 0.418040969863442 0.260887955919847 0.148411450062837 0.361632259882954 0.132686585383737 0.141129693040269 0.338801130794385 0.182625528053697 0.188740437673902 0 0.39154448306891 0.17542383730971 0.166607722906935 0.193812020852273 0.199957775875159 1
Q 0.694627969319112 0.589994125619865 0.729196863417365 0.563890066182141 0.418040969863442 1 0.574570033795691 0.479687524836662 0.658019837658843 0.597199217905046 0.636211142894839 0.735589390975971 0.64414005351136 0.673007976315252 0.381034032702393 0.725089767792347 0.491223136068119 0.529618565962455 0.543556901337693 0.608779855674361 1
E 0.533097405680679 0.345214281678943 0.594963056595787 0.715145192035541 0.260887955919847 0.574570033795691 1 0.277007399759586 0.463530544466758 0.443569507279483 0.425298576230321 0.379266938560552 0.445069104313024 0.478001078839324 0.171019968506532 0.458594431818585 0.278381323419298 0.317234497769931 0.306815952969691 0.475878868873704 1
G 0.540010172217256 0.411945241670626 0.39875705533097 0.287847578387669 0.148411450062837 0.479687524836662 0.277007399759586 1 0.34574140470611 0.401298706064182 0.418389489256429 0.486312495523569 0.422248076052813 0.445782230773869 0.141579378010792 0.425461850987016 0.271905588210271 0.342254457777811 0.36732143049447 0.405888097002523 1
H 0.445275278091994 0.479914164912353 0.741226053202464 0.532270486966522 0.361632259882954 0.658019837658843 0.463530544466758 0.34574140470611 1 0.544824334325204 0.445110628877399 0.52903806820372 0.432253490124401 0.612261750224152 0.226946700676808 0.624782461457836 0.460251151210141 0.429295750526861 0.636148359341392 0.538727273354404 1
I 0.595247029301616 0.489788545394154 0.561202852307352 0.452495243006167 0.132686585383737 0.597199217905046 0.443569507279483 0.401298706064182 0.544824334325204 1 0.633509008591722 0.538065288329755 0.580053510098182 0.736405862879521 0.292305305514295 0.614660209741725 0.557002007108709 0.539860676752923 0.619979414198149 0.826292925112594 1
L 0.755055914501221 0.395624136150511 0.481345887762817 0.343098227038176 0.141129693040269 0.636211142894839 0.425298576230321 0.418389489256429 0.445110628877399 0.633509008591722 1 0.649871244709703 0.794566196159164 0.715004975048677 0.364990419076662 0.492061064170857 0.329570732043776 0.534329266853924 0.429777017886398 0.555553495745979 1
K 0.641398027477541 0.579904709541939 0.599186516026779 0.35456554836902 0.338801130794385 0.735589390975971 0.379266938560552 0.486312495523569 0.52903806820372 0.538065288329755 0.649871244709703 1 0.626740980287068 0.586832376295511 0.333633765118168 0.631154414793791 0.408375162161019 0.486464062827995 0.454824385542143 0.541088265469339 1
M 0.702377355180687 0.431407962454776 0.500370930978525 0.389687493042201 0.182625528053697 0.64414005351136 0.445069104313024 0.422248076052813 0.432253490124401 0.580053510098182 0.794566196159164 0.626740980287068 1 0.711411337442412 0.253586375106572 0.481280414250093 0.295028722979937 0.544232508964486 0.438641232663312 0.532106339981759 1
F 0.643084542088358 0.489475340837857 0.600058810825767 0.500843396880814 0.188740437673902 0.673007976315252 0.478001078839324 0.445782230773869 0.612261750224152 0.736405862879521 0.715004975048677 0.586832376295511 0.711411337442412 1 0.282042287981678 0.582288988136905 0.443640851024008 0.664296318983139 0.653388706391576 0.642144026555908 1
P 0.393768425921471 0.207472821370739 0.199423079839932 0.105107077556563 0 0.381034032702393 0.171019968506532 0.141579378010792 0.226946700676808 0.292305305514295 0.364990419076662 0.333633765118168 0.253586375106572 0.282042287981678 1 0.342302199640412 0.307616974264666 0.199679209294042 0.150872317472398 0.264417890131454 1
S 0.560156543995217 0.677884179288809 0.700757416462993 0.533022973711735 0.39154448306891 0.725089767792347 0.458594431818585 0.425461850987016 0.624782461457836 0.614660209741725 0.492061064170857 0.631154414793791 0.481280414250093 0.582288988136905 0.342302199640412 1 0.704979272944737 0.470495902009495 0.559959287671048 0.690624946146796 1
T 0.383399859255 0.553092912075894 0.45260214212672 0.372834134978083 0.17542383730971 0.491223136068119 0.278381323419298 0.271905588210271 0.460251151210141 0.557002007108709 0.329570732043776 0.408375162161019 0.295028722979937 0.443640851024008 0.307616974264666 0.704979272944737 1 0.380490607321249 0.514011064639096 0.611885205551125 1
W 0.465748844864965 0.392426102227713 0.444923915803553 0.407806394215781 0.166607722906935 0.529618565962455 0.317234497769931 0.342254457777811 0.429295750526861 0.539860676752923 0.534329266853924 0.486464062827995 0.544232508964486 0.664296318983139 0.199679209294042 0.470495902009495 0.380490607321249 1 0.574555161299089 0.445102935738125 1
Y 0.382791912793817 0.452889026494083 0.553216389594461 0.443076335407704 0.193812020852273 0.543556901337693 0.306815952969691 0.36732143049447 0.636148359341392 0.619979414198149 0.429777017886398 0.454824385542143 0.438641232663312 0.653388706391576 0.150872317472398 0.559959287671048 0.514011064639096 0.574555161299089 1 0.556680592669368 1
V 0.582357835920268 0.583268302106723 0.605861618002651 0.486973477160347 0.199957775875159 0.608779855674361 0.475878868873704 0.405888097002523 0.538727273354404 0.826292925112594 0.555553495745979 0.541088265469339 0.532106339981759 0.642144026555908 0.264417890131454 0.690624946146796 0.611885205551125 0.445102935738125 0.556680592669368 1 1
* 0 0 0 0 0 0 0 0 0 0 0 0 0 0 0 0 0 0 0 0 1
