A R N D C Q E G H I L K M F P S T W Y V *
A 1 0.0288954886868981 0.0321304751514299 0.0321111681140415 0.0298597811579606 0.0374027232386672 0.0373961387561559 0.030678016646688 0.0333999792210851 0.0336754329050844 0.0403538907284309 0.0331083446686805 0.0357638986011643 0.0316920874860835 0.0250134713164957 0.0402752917886587 0.0408673290947598 0.0258760538021464 0.0282057469081317 0.0390516041143985 1
R 0.0288954886868981 1 0.0358255791385839 0.0341492974741132 0.0256255827953323 0.0460468552778189 0.0362589181834783 0.0237997726820894 0.0395773904228264 0.0252459021605068 0.0255525002655462 0.0463582603291398 0.0283574054088727 0.0274862058393225 0.0250384815282206 0.0333706624525866 0.0352237353137445 0.0273669587611168 0.0332297667129125 0.0264883036777534 1
N 0.0321304751514299 0.0358255791385839 1 0.0519471197793478 0.0296316795283729 0.0459617447123286 0.0368284471257612 0.0345855909639816 0.0414003892944406 0.025278931794632 0.0251180173836331 0.0399639861320287 0.0272774030833803 0.0269866511960423 0.0310150367733581 0.0535922057396877 0.0437349533143181 0.0258564454821511 0.0329787730861118 0.0265525307517624 1
D 0.0321111681140415 0.0341492974741132 0.0519471197793478 1 0.0269731879432565 0.0443903185073427 0.0455983269301414 0.0307819302729116 0.0357104264467152 0.0234889350702235 0.0239129785339928 0.0378412237399227 0.0259696588615441 0.024792572466943 0.0305354737975242 0.0445968417568791 0.0388075505110718 0.024148245062657 0.0289700603123523 0.0249955417770516 1
C 0.0298597811579606 0.0256255827953323 0.0296316795283729 0.0269731879432565 1 0.0302623807941727 0.0249616902352128 0.0253558866289415 0.0338928878648186 0.0327283446547372 0.0288992769399612 0.0248196910984515 0.034864000920399 0.0335273438956608 0.0238091114296968 0.0318096706794421 0.0348576276026294 0.0306345962666732 0.0329506377355852 0.034930682952625 1
Q 0.0374027232386672 0.0460468552778189 0.0459617447123286 0.0443903185073427 0.0302623807941727 1 0.0487942120570603 0.027567176000463 0.0468059800090823 0.0286516841720765 0.0291556554552171 0.0516901856042778 0.0346971600598893 0.0307864871478066 0.0288844551563848 0.043177126908893 0.0450519541022215 0.0295651992205073 0.0357903092621376 0.0302765995011159 1
E 0.0373961387561559 0.0362589181834783 0.0368284471257612 0.0455983269301414 0.0249616902352128 0.0487942120570603 1 0.0250150774733246 0.0356642525863954 0.024662234024766 0.0269831954931355 0.0434832581363794 0.0288756424389762 0.0257025277156501 0.0254779346061239 0.0347836487664075 0.0340489138054398 0.0244915818382086 0.0270619353981801 0.0261219107938268 1
G 0.030678016646688 0.0237997726820894 0.0345855909639816 0.0307819302729116 0.0253558866289415 0.027567176000463 0.0250150774733246 1 0.0259507950597592 0.0228160224249485 0.0227664679589872 0.0257790540629096 0.0221880410142343 0.022525848372945 0.0278077286642984 0.0404301136933219 0.0339104453552987 0.0204837356185395 0.0245882549816185 0.025050160714009 1
H 0.0333999792210851 0.0395773904228264 0.0414003892944406 0.0357104264467152 0.0338928878648186 0.0468059800090823 0.0356642525863954 0.0259507950597592 1 0.031166931731857 0.0302229726338276 0.0383732735820986 0.0386179326665063 0.0366473784776881 0.0268146393629747 0.0367993680665738 0.040585847596547 0.0354433070199739 0.0415875527561679 0.0320732284087911 1
I 0.0336754329050844 0.0252459021605068 0.025278931794632 0.0234889350702235 0.0327283446547372 0.0286516841720765 0.024662234024766 0.0228160224249485 0.031166931731857 1 0.0506996460715355 0.0250451373798847 0.0431498196822261 0.0535540829020918 0.0220269768734815 0.02739114743199 0.0330575954245771 0.0353214034450253 0.0373918094698549 0.0699743713133656 1
L 0.0403538907284309 0.0255525002655462 0.0251180173836331 0.0239129785339928 0.0288992769399612 0.0291556554552171 0.0269831954931355 0.0227664679589872 0.0302229726338276 0.0506996460715355 1 0.0266511987877318 0.0419201296979515 0.0457654035177197 0.0215140905656344 0.0279832613624412 0.0316338702884022 0.0313345220863639 0.0320127533931279 0.0486404090562117 1
K 0.0331083446686805 0.0463582603291398 0.0399639861320287 0.0378412237399227 0.0248196910984515 0.0516901856042778 0.0434832581363794 0.0257790540629096 0.0383732735820986 0.0250451373798847 0.0266511987877318 1 0.0281895628991304 0.0260707712622358 0.0258134525017829 0.0365899270493408 0.035652936194866 0.025761692474074 0.0303327487086603 0.0262938976257344 1
M 0.0357638986011643 0.0283574054088727 0.0272774030833803 0.0259696588615441 0.034864000920399 0.0346971600598893 0.0288756424389762 0.0221880410142343 0.0386179326665063 0.0431498196822261 0.0419201296979515 0.0281895628991304 1 0.0486342051064554 0.0219892913260433 0.0281501059518373 0.0323120607179654 0.0391543790001113 0.0362326221703274 0.039850510369618 1
F 0.0316920874860835 0.0274862058393225 0.0269866511960423 0.024792572466943 0.0335273438956608 0.0307864871478066 0.0257025277156501 0.022525848372945 0.0366473784776881 0.0535540829020918 0.0457654035177197 0.0260707712622358 0.0486342051064554 1 0.0228830886222302 0.0275909913308993 0.0328084520834612 0.0464153883619995 0.0460623503875642 0.0448008095024166 1
P 0.0250134713164957 0.0250384815282206 0.0310150367733581 0.0305354737975242 0.0238091114296968 0.0288844551563848 0.0254779346061239 0.0278077286642984 0.0268146393629747 0.0220269768734815 0.0215140905656344 0.0258134525017829 0.0219892913260433 0.0228830886222302 1 0.032897890922654 0.0312071474041149 0.0218011968824274 0.0258841429355638 0.0228939433125602 1
S 0.0402752917886587 0.0333706624525866 0.0535922057396877 0.0445968417568791 0.0318096706794421 0.043177126908893 0.0347836487664075 0.0404301136933219 0.0367993680665738 0.02739114743199 0.0279832613624412 0.0365899270493408 0.0281501059518373 0.0275909913308993 0.032897890922654 1 0.0633440567058893 0.0249013392510717 0.0318327120506311 0.0310982020910665 1
T 0.0408673290947598 0.0352237353137445 0.0437349533143181 0.0388075505110718 0.0348576276026294 0.0450519541022215 0.0340489138054398 0.0339104453552987 0.040585847596547 0.0330575954245771 0.0316338702884022 0.035652936194866 0.0323120607179654 0.0328084520834612 0.0312071474041149 0.0633440567058893 1 0.0284609682876981 0.0366781808913625 0.0383009543232123 1
W 0.0258760538021464 0.0273669587611168 0.0258564454821511 0.024148245062657 0.0306345962666732 0.0295651992205073 0.0244915818382086 0.0204837356185395 0.0354433070199739 0.0353214034450253 0.0313345220863639 0.025761692474074 0.0391543790001113 0.0464153883619995 0.0218011968824274 0.0249013392510717 0.0284609682876981 1 0.0444384902870089 0.0309709551662382 1
Y 0.0282057469081317 0.0332297667129125 0.0329787730861118 0.0289700603123523 0.0329506377355852 0.0357903092621376 0.0270619353981801 0.0245882549816185 0.0415875527561679 0.0373918094698549 0.0320127533931279 0.0303327487086603 0.0362326221703274 0.0460623503875642 0.0258841429355638 0.0318327120506311 0.0366781808913625 0.0444384902870089 1 0.0358012508402926 1
V 0.0390516041143985 0.0264883036777534 0.0265525307517624 0.0249955417770516 0.034930682952625 0.0302765995011159 0.0261219107938268 0.025050160714009 0.0320732284087911 0.0699743713133656 0.0486404090562117 0.0262938976257344 0.039850510369618 0.0448008095024166 0.0228939433125602 0.0310982020910665 0.0383009543232123 0.0309709551662382 0.0358012508402926 1 1
* 0 0 0 0 0 0 0 0 0 0 0 0 0 0 0 0 0 0 0 0 1
