A R N D C Q E G H I L K M F P S T W Y V *
A 1 0.291109562447812 0.362482642351217 0.362099331117687 0.314002486817337 0.452346411039845 0.452249983558327 0.332299220824926 0.386714120899563 0.391730592557675 0.492397504954636 0.381311997820402 0.427251043098735 0.35366404540142 0.181091846095307 0.491406897161013 0.498774789733787 0.208390283342184 0.273774394797748 0.47547005857854 1
R 0.291109562447812 1 0.428237139187552 0.400171097690453 0.200652887306406 0.555154516091207 0.435070414542232 0.139330619155257 0.482438447818292 0.188631268222887 0.198366680142108 0.558142702657376 0.277658328637838 0.254763071400893 0.1819098296575 0.386175337464667 0.418467819040571 0.251515822516495 0.38357269265511 0.226687527153991 1
N 0.362482642351217 0.428237139187552 1 0.605681013585607 0.308721748325946 0.554330764709961 0.443806697887859 0.407737874426612 0.505228429789425 0.189691408444355 0.184500300892112 0.487445132453316 0.249058440206873 0.240967859637824 0.339554688642672 0.617785173500141 0.531639248101508 0.207789963524585 0.378881210497011 0.228558068154015 1
D 0.362099331117687 0.400171097690453 0.605681013585607 1 0.240589000394349 0.538553984127164 0.550778789539329 0.334553244811766 0.426393419045164 0.127941068537145 0.143405093204033 0.458692568736115 0.211243562044943 0.173795472581503 0.329182322358452 0.54069089174056 0.472171385496349 0.151750548936757 0.292934312262871 0.180504435501148 1
C 0.314002486817337 0.200652887306406 0.308721748325946 0.240589000394349 1 0.323128746615869 0.179393084942475 0.192150686020218 0.395633216613507 0.37412857770139 0.291202487138526 0.174698204853265 0.412467442698053 0.389043889599899 0.139668203115285 0.356053200771498 0.412360019102552 0.331352845644539 0.378350859764453 0.413589031559426 1
Q 0.452346411039845 0.555154516091207 0.554330764709961 0.538553984127164 0.323128746615869 1 0.580201528931635 0.256951977300995 0.562369261052438 0.285077432254309 0.297435255743011 0.603720989215325 0.409642299739132 0.334651741194226 0.290838774432911 0.525588266635672 0.545330806915444 0.307167340028227 0.427673690425214 0.323446623595079 1
E 0.452249983558327 0.435070414542232 0.443806697887859 0.550778789539329 0.179393084942475 0.580201528931635 1 0.181144426181258 0.425650781018939 0.169429030720834 0.240870651374463 0.52892822441467 0.29062234158674 0.203045869839989 0.196020559154115 0.41111020996964 0.398402670476175 0.16364178704932 0.24307942809157 0.215840840273436 1
G 0.332299220824926 0.139330619155257 0.407737874426612 0.334553244811766 0.192150686020218 0.256951977300995 0.181144426181258 1 0.210670209857934 0.102221446094772 0.100267302972072 0.205411666054455 0.076811891351808 0.0906564192653552 0.263379765178806 0.493354488836796 0.3959461338853 0 0.166930079672081 0.18229124944958 1
H 0.386714120899563 0.482438447818292 0.505228429789425 0.426393419045164 0.395633216613507 0.562369261052438 0.425650781018939 0.210670209857934 1 0.34277343067421 0.322246164640578 0.46619785839446 0.469579695126838 0.441058638586918 0.236098783904468 0.443367190939738 0.495298562637824 0.42207041778026 0.507455133543497 0.36134475278064 1
I 0.391730592557675 0.188631268222887 0.189691408444355 0.127941068537145 0.37412857770139 0.285077432254309 0.169429030720834 0.102221446094772 0.34277343067421 1 0.595978725578525 0.182127240595964 0.525288036673372 0.617513091280302 0.0700614189503197 0.252176796558124 0.380362202529995 0.420075828798234 0.452186564144392 0.707268029221622 1
L 0.492397504954636 0.198366680142108 0.184500300892112 0.143405093204033 0.291202487138526 0.297435255743011 0.240870651374463 0.100267302972072 0.322246164640578 0.595978725578525 1 0.231414099542544 0.511362780455794 0.552418769549175 0.0478920986202779 0.268000418063045 0.352474565021867 0.346288557965479 0.360138274674721 0.578874108668221 1
K 0.381311997820402 0.558142702657376 0.487445132453316 0.458692568736115 0.174698204853265 0.603720989215325 0.52892822441467 0.205411666054455 0.46619785839446 0.182127240595964 0.231414099542544 1 0.273357458863918 0.214302660534989 0.20647051698626 0.440181020560178 0.425468480167164 0.20487616878612 0.324698997269205 0.220969979038346 1
M 0.427251043098735 0.277658328637838 0.249058440206873 0.211243562044943 0.412467442698053 0.409642299739132 0.29062234158674 0.076811891351808 0.469579695126838 0.525288036673372 0.511362780455794 0.273357458863918 1 0.578820388372697 0.0684676775245004 0.27233895127835 0.366065327825081 0.476846877880983 0.434660413970409 0.485985614022241 1
F 0.35366404540142 0.254763071400893 0.240967859637824 0.173795472581503 0.389043889599899 0.334651741194226 0.203045869839989 0.0906564192653552 0.441058638586918 0.617513091280302 0.552418769549175 0.214302660534989 0.578820388372697 1 0.104852672788226 0.25759334367955 0.375656749473243 0.558686540360618 0.55530415955349 0.542782020100896 1
P 0.181091846095307 0.1819098296575 0.339554688642672 0.329182322358452 0.139668203115285 0.290838774432911 0.196020559154115 0.263379765178806 0.236098783904468 0.0700614189503197 0.0478920986202779 0.20647051698626 0.0684676775245004 0.104852672788226 1 0.377354139002448 0.343620377944619 0.0604306851129749 0.208637671738568 0.105277088403481 1
S 0.491406897161013 0.386175337464667 0.617785173500141 0.54069089174056 0.356053200771498 0.525588266635672 0.41111020996964 0.493354488836796 0.443367190939738 0.252176796558124 0.268000418063045 0.440181020560178 0.27233895127835 0.25759334367955 0.377354139002448 1 0.676627347792914 0.17740425878267 0.356519306744604 0.341320904708385 1
T 0.498774789733787 0.418467819040571 0.531639248101508 0.472171385496349 0.412360019102552 0.545330806915444 0.398402670476175 0.3959461338853 0.495298562637824 0.380362202529995 0.352474565021867 0.425468480167164 0.366065327825081 0.375656749473243 0.343620377944619 0.676627347792914 1 0.280286762857843 0.441528038721154 0.46518994159565 1
W 0.208390283342184 0.251515822516495 0.207789963524585 0.151750548936757 0.331352845644539 0.307167340028227 0.16364178704932 0 0.42207041778026 0.420075828798234 0.346288557965479 0.20487616878612 0.476846877880983 0.558686540360618 0.0604306851129749 0.17740425878267 0.280286762857843 1 0.539054196345466 0.33861466304181 1
Y 0.273774394797748 0.38357269265511 0.378881210497011 0.292934312262871 0.378350859764453 0.427673690425214 0.24307942809157 0.166930079672081 0.507455133543497 0.452186564144392 0.360138274674721 0.324698997269205 0.434660413970409 0.55530415955349 0.208637671738568 0.356519306744604 0.441528038721154 0.539054196345466 1 0.427848604789919 1
V 0.47547005857854 0.226687527153991 0.228558068154015 0.180504435501148 0.413589031559426 0.323446623595079 0.215840840273436 0.18229124944958 0.36134475278064 0.707268029221622 0.578874108668221 0.220969979038346 0.485985614022241 0.542782020100896 0.105277088403481 0.341320904708385 0.46518994159565 0.33861466304181 0.427848604789919 1 1
* 0 0 0 0 0 0 0 0 0 0 0 0 0 0 0 0 0 0 0 0 1
