A R N D C Q E G H I L K M F P S T W Y V *
A 1 0.628774580135228 0.559961559076872 0.493934353622281 0.693092660985958 0.700321414917947 0.62229146794271 0.514070217478336 0.74543362798204 0.464159016686148 0.544823458199694 0.608860531193542 0.557401734627066 0.471373938324494 0.476678066256796 0.643441381529912 0.801578974129054 0.455113114251106 0.647565755101369 0.58549544918726 1
R 0.628774580135228 1 0.73278602273065 0.687259017069515 0.482410652943294 0.903826863594468 0.824165905337456 0.50405680166184 0.773156875833367 0.222368030709992 0.289444188213562 0.88485111075873 0.361901070717068 0.27231485581382 0.57815180095711 0.691002555901496 0.727262484472634 0.32652781752407 0.542118373806997 0.318816958237605 1
N 0.559961559076872 0.73278602273065 1 0.898108344958845 0.389976017361132 0.775040946116827 0.784092094407392 0.733906329679079 0.607049537536121 0.080525061085211 0.142606044861213 0.793608156629369 0.194388884727977 0.115500475155917 0.785203839410789 0.871506000062842 0.722984990686977 0.151256347084158 0.391862051108258 0.193551007183213 1
D 0.493934353622281 0.687259017069515 0.898108344958845 1 0.303359177055536 0.719412263193166 0.783741088707256 0.697141049862928 0.532309335597611 0 0.0670511183623715 0.773804209325332 0.118960326030113 0.0350951706617184 0.757424381207997 0.799207722034752 0.638528045659842 0.0722856914945548 0.308160298439683 0.11300479317444 1
C 0.693092660985958 0.482410652943294 0.389976017361132 0.303359177055536 1 0.529259222992432 0.403611691327173 0.33867555713668 0.698636511058977 0.651305875387067 0.673727086791799 0.412415737147192 0.719579244057972 0.674117853686221 0.334635191898283 0.457164901775067 0.646817265280499 0.663801126142365 0.813527082201249 0.749269398848153 1
Q 0.700321414917947 0.903826863594468 0.775040946116827 0.719412263193166 0.529259222992432 1 0.856262985995445 0.571567023808121 0.7975893098462 0.252920794848988 0.322200017457564 0.880222775951489 0.384983192728679 0.294864177233649 0.625730304779927 0.7616316547216 0.804934627743369 0.336189372364386 0.560616521371561 0.357588642046368 1
E 0.62229146794271 0.824165905337456 0.784092094407392 0.783741088707256 0.403611691327173 0.856262985995445 1 0.573972347795246 0.663488202590798 0.138057910157098 0.216356170639084 0.915815471607977 0.272200332618586 0.175410681722995 0.618708235485895 0.744506760121906 0.701943634166178 0.21253329140378 0.427412706050005 0.244962133550208 1
G 0.514070217478336 0.50405680166184 0.733906329679079 0.697141049862928 0.33867555713668 0.571567023808121 0.573972347795246 1 0.451594373726294 0.0341596035226759 0.0916671974925053 0.564121906114468 0.109237445608421 0.0453271247242649 0.762765402705928 0.806399522235093 0.647309424804589 0.0485639030388905 0.288874645231 0.157327308361409 1
H 0.74543362798204 0.773156875833367 0.607049537536121 0.532309335597611 0.698636511058977 0.7975893098462 0.663488202590798 0.451594373726294 1 0.434149206415806 0.492060748715669 0.68747619219077 0.570827729807191 0.485994656900695 0.496780467915589 0.624636342843258 0.784297916356601 0.534893234830208 0.755914106029203 0.527056902070554 1
I 0.464159016686148 0.222368030709992 0.080525061085211 0 0.651305875387067 0.252920794848988 0.138057910157098 0.0341596035226759 0.434149206415806 1 0.890065541797044 0.14589798443416 0.821625559061874 0.896967506628889 0.027796695230389 0.150201281145272 0.347381972720737 0.759865034701919 0.640053389144803 0.870071813198163 1
L 0.544823458199694 0.289444188213562 0.142606044861213 0.0670511183623715 0.673727086791799 0.322200017457564 0.216356170639084 0.0916671974925053 0.492060748715669 0.890065541797044 1 0.219842710254618 0.859886083246254 0.850661555388464 0.0798886967227388 0.212899583459643 0.40741011955155 0.737372354882842 0.664806905242642 0.897899650980156 1
K 0.608860531193542 0.88485111075873 0.793608156629369 0.773804209325332 0.412415737147192 0.880222775951489 0.915815471607977 0.564121906114468 0.68747619219077 0.14589798443416 0.219842710254618 1 0.280830351915247 0.187939955709342 0.62168832366726 0.740071790930511 0.708294010596492 0.231830195547512 0.451285835498251 0.250130287920486 1
M 0.557401734627066 0.361901070717068 0.194388884727977 0.118960326030113 0.719579244057972 0.384983192728679 0.272200332618586 0.109237445608421 0.570827729807191 0.821625559061874 0.859886083246254 0.280830351915247 1 0.875786247086715 0.117916502016481 0.247896024934604 0.443749676109819 0.839647793769229 0.746613764917061 0.827424351123002 1
F 0.471373938324494 0.27231485581382 0.115500475155917 0.0350951706617184 0.674117853686221 0.294864177233649 0.175410681722995 0.0453271247242649 0.485994656900695 0.896967506628889 0.850661555388464 0.187939955709342 0.875786247086715 1 0.0561905578629311 0.172837348226879 0.371090610125977 0.862439720077202 0.702952602742453 0.828219268083155 1
P 0.476678066256796 0.57815180095711 0.785203839410789 0.757424381207997 0.334635191898283 0.625730304779927 0.618708235485895 0.762765402705928 0.496780467915589 0.027796695230389 0.0798886967227388 0.62168832366726 0.117916502016481 0.0561905578629311 1 0.783994336761874 0.646797056182801 0.0831683832901332 0.325502105295522 0.140508828594232 1
S 0.643441381529912 0.691002555901496 0.871506000062842 0.799207722034752 0.457164901775067 0.7616316547216 0.744506760121906 0.806399522235093 0.624636342843258 0.150201281145272 0.212899583459643 0.740071790930511 0.247896024934604 0.172837348226879 0.783994336761874 1 0.800613016660105 0.189961055567789 0.432072166955387 0.270045955384842 1
T 0.801578974129054 0.727262484472634 0.722984990686977 0.638528045659842 0.646817265280499 0.804934627743369 0.701943634166178 0.647309424804589 0.784297916356601 0.347381972720737 0.40741011955155 0.708294010596492 0.443749676109819 0.371090610125977 0.646797056182801 0.800613016660105 1 0.383854503189587 0.623426108040786 0.465059391876487 1
W 0.455113114251106 0.32652781752407 0.151256347084158 0.0722856914945548 0.663801126142365 0.336189372364386 0.21253329140378 0.0485639030388905 0.534893234830208 0.759865034701919 0.737372354882842 0.231830195547512 0.839647793769229 0.862439720077202 0.0831683832901332 0.189961055567789 0.383854503189587 1 0.750370710183177 0.721854938772764 1
Y 0.647565755101369 0.542118373806997 0.391862051108258 0.308160298439683 0.813527082201249 0.560616521371561 0.427412706050005 0.288874645231 0.755914106029203 0.640053389144803 0.664806905242642 0.451285835498251 0.746613764917061 0.702952602742453 0.325502105295522 0.432072166955387 0.623426108040786 0.750370710183177 1 0.705367846018939 1
V 0.58549544918726 0.318816958237605 0.193551007183213 0.11300479317444 0.749269398848153 0.357588642046368 0.244962133550208 0.157327308361409 0.527056902070554 0.870071813198163 0.897899650980156 0.250130287920486 0.827424351123002 0.828219268083155 0.140508828594232 0.270045955384842 0.465059391876487 0.721854938772764 0.705367846018939 1 1
* 0 0 0 0 0 0 0 0 0 0 0 0 0 0 0 0 0 0 0 0 1
