A R N D C Q E G H I L K M F P S T W Y V *
A 1 0.630261672647748 0.560074510609266 0.494801313548652 0.694999439355615 0.700642275109284 0.62274061399756 0.514506291484858 0.745375382928111 0.464463059615839 0.544714552444607 0.608950698269592 0.557302461437361 0.471315270202728 0.476833758989857 0.643911522257247 0.804319109596677 0.4553918214073 0.648025621387258 0.586796816446988 1
R 0.630261672647748 1 0.735857379766289 0.692023018339123 0.482216193487047 0.905958816572607 0.829798279082895 0.507417554942056 0.775100829283155 0.222546987300545 0.290027755169298 0.886809178739576 0.36267256182758 0.273291333217363 0.578264268022826 0.691659385921809 0.727805623266455 0.32870195703814 0.543645182533821 0.31884626549449 1
N 0.560074510609266 0.735857379766289 1 0.899530793279498 0.391064089493089 0.775936125411988 0.784073515093638 0.735369228179672 0.607324792686486 0.0803369404926728 0.142309327791779 0.795021979150339 0.194424936050973 0.115171457584734 0.78694223980796 0.873055497696159 0.72467966683642 0.151169239268646 0.391656878647308 0.19388461532015 1
D 0.494801313548652 0.692023018339123 0.899530793279498 1 0.305146647203018 0.721670558859971 0.78398974964218 0.699377776161527 0.533480754360496 0 0.0670364490230768 0.777565313509367 0.119546009036569 0.0349377299119882 0.761316815247401 0.801883480815507 0.640739813582496 0.0722928436636786 0.308066428903672 0.113619735942668 1
C 0.694999439355615 0.482216193487047 0.391064089493089 0.305146647203018 1 0.529496820639215 0.404947364752777 0.34113096042245 0.70010367007722 0.652114128196314 0.675451655352874 0.412606848201154 0.721955387140402 0.676768425457447 0.334567152503575 0.457338649494758 0.64703900924466 0.668577863677112 0.817406551276652 0.749761371013145 1
Q 0.700642275109284 0.905958816572607 0.775936125411988 0.721670558859971 0.529496820639215 1 0.858381876632985 0.573340736878313 0.797904494984088 0.252738806107372 0.322093164456674 0.88046970947706 0.385092165425727 0.29494682668867 0.62565848674977 0.761642435199943 0.805670137856999 0.336976435354183 0.560928520959164 0.357629157902883 1
E 0.62274061399756 0.829798279082895 0.784073515093638 0.78398974964218 0.404947364752777 0.858381876632985 1 0.574995927690747 0.664188880252549 0.137928202238246 0.216167409520203 0.921155193938736 0.272500111541415 0.175150160088788 0.619916760316843 0.745423609305389 0.703644024242808 0.212533567889695 0.427212790470877 0.245406127094637 1
G 0.514506291484858 0.507417554942056 0.735369228179672 0.699377776161527 0.34113096042245 0.573340736878313 0.574995927690747 1 0.452145704618293 0.0348236521804544 0.0917339875768303 0.565605412200897 0.109216946098175 0.0452262291595447 0.766778187107109 0.811460607624694 0.65179613181765 0.048258736548643 0.289472838436387 0.159009409427974 1
H 0.745375382928111 0.775100829283155 0.607324792686486 0.533480754360496 0.70010367007722 0.797904494984088 0.664188880252549 0.452145704618293 1 0.434354773046373 0.491956614185351 0.687488117460508 0.57074399555942 0.486049503248653 0.496804102449148 0.624933451503959 0.786349843314813 0.535542871390414 0.756804130310389 0.527945961771559 1
I 0.464463059615839 0.222546987300545 0.0803369404926728 0 0.652114128196314 0.252738806107372 0.137928202238246 0.0348236521804544 0.434354773046373 1 0.89139839572604 0.145824245036802 0.824192407834969 0.899441262253669 0.0276157756658669 0.149890167670808 0.347270323847295 0.762825729841169 0.640167837903686 0.870835343665727 1
L 0.544714552444607 0.290027755169298 0.142309327791779 0.0670364490230768 0.675451655352874 0.322093164456674 0.216167409520203 0.0917339875768303 0.491956614185351 0.89139839572604 1 0.219714203866702 0.860772497562 0.850810313636981 0.0797581964299742 0.212764972528255 0.407896766128458 0.738252864019548 0.664908021303147 0.902511768466285 1
K 0.608950698269592 0.886809178739576 0.795021979150339 0.777565313509367 0.412606848201154 0.88046970947706 0.921155193938736 0.565605412200897 0.687488117460508 0.145824245036802 0.219714203866702 1 0.280702886308872 0.18798256905958 0.621589763925125 0.740429501001002 0.70926007095749 0.232416574842434 0.451703234414977 0.250314813695178 1
M 0.557302461437361 0.36267256182758 0.194424936050973 0.119546009036569 0.721955387140402 0.385092165425727 0.272500111541415 0.109216946098175 0.57074399555942 0.824192407834969 0.860772497562 0.280702886308872 1 0.877335059012206 0.117823111244037 0.248077183313905 0.444869908768479 0.841802459375471 0.748146996115225 0.832110625113804 1
F 0.471315270202728 0.273291333217363 0.115171457584734 0.0349377299119882 0.676768425457447 0.29494682668867 0.175150160088788 0.0452262291595447 0.486049503248653 0.899441262253669 0.850810313636981 0.18798256905958 0.877335059012206 1 0.0562498230284919 0.17284578440411 0.371855807630231 0.863278683810104 0.703100658409827 0.83212871040776 1
P 0.476833758989857 0.578264268022826 0.78694223980796 0.761316815247401 0.334567152503575 0.62565848674977 0.619916760316843 0.766778187107109 0.496804102449148 0.0276157756658669 0.0797581964299742 0.621589763925125 0.117823111244037 0.0562498230284919 1 0.784328134891307 0.647245908165899 0.0837801506617392 0.325822078980451 0.140455226226354 1
S 0.643911522257247 0.691659385921809 0.873055497696159 0.801883480815507 0.457338649494758 0.761642435199943 0.745423609305389 0.811460607624694 0.624933451503959 0.149890167670808 0.212764972528255 0.740429501001002 0.248077183313905 0.17284578440411 0.784328134891307 1 0.800935316799864 0.190585637261033 0.432122525747646 0.269892218060401 1
T 0.804319109596677 0.727805623266455 0.72467966683642 0.640739813582496 0.64703900924466 0.805670137856999 0.703644024242808 0.65179613181765 0.786349843314813 0.347270323847295 0.407896766128458 0.70926007095749 0.444869908768479 0.371855807630231 0.647245908165899 0.800935316799864 1 0.3857539975883 0.624274223183592 0.464850993352146 1
W 0.4553918214073 0.32870195703814 0.151169239268646 0.0722928436636786 0.668577863677112 0.336976435354183 0.212533567889695 0.048258736548643 0.535542871390414 0.762825729841169 0.738252864019548 0.232416574842434 0.841802459375471 0.863278683810104 0.0837801506617392 0.190585637261033 0.3857539975883 1 0.751690912201811 0.726725493492714 1
Y 0.648025621387258 0.543645182533821 0.391656878647308 0.308066428903672 0.817406551276652 0.560928520959164 0.427212790470877 0.289472838436387 0.756804130310389 0.640167837903686 0.664908021303147 0.451703234414977 0.748146996115225 0.703100658409827 0.325822078980451 0.432122525747646 0.624274223183592 0.751690912201811 1 0.70658285081666 1
V 0.586796816446988 0.31884626549449 0.19388461532015 0.113619735942668 0.749761371013145 0.357629157902883 0.245406127094637 0.159009409427974 0.527945961771559 0.870835343665727 0.902511768466285 0.250314813695178 0.832110625113804 0.83212871040776 0.140455226226354 0.269892218060401 0.464850993352146 0.726725493492714 0.70658285081666 1 1
* 0 0 0 0 0 0 0 0 0 0 0 0 0 0 0 0 0 0 0 0 1
