  A R N D C Q E G H I L K M  F P S T W  Y V 
A  0 4 4 4 4 4 4 4 4 4 4 4  4 4 4 3 4  4 4 4
R  4 0 4 4 4 3 4 4 4 4 4 2  4 4 4 4 4  4 4 4
N  4 4 0 3 4 4 4 4 3 4 4 4  4 4 4 3 4  4 4 4
D  4 4 3 0 4 4 2 4 4 4 4 4  4 4 4 4 4  4 4 4
C  4 4 4 4 0 4 4 4 4 4 4 4  4 4 4 4 4  4 4 4
Q  4 3 4 4 4 0 2 4 4 4 4 3  4 4 4 4 4  4 4 4
E  4 4 4 2 4 2 0 4 4 4 4 3  4 4 4 4 4  4 4 4
G  4 4 4 4 4 4 4 0 4 4 4 4  4 4 4 4 4  4 4 4
H  4 4 3 4 4 4 4 4 0 4 4 4  4 4 4 4 4  4 2 4
I  4 4 4 4 4 4 4 4 4 0 2 4  3 4 4 4 4  4 4 1
L  4 4 4 4 4 4 4 4 4 2 0 4  2 4 4 4 4  4 4 3
K  4 2 4 4 4 3 3 4 4 4 4 0  4 4 4 4 4  4 4 4
M  4 4 4 4 4 4 4 4 4 3 2 4  0 4 4 4 4  4 4 3
F  4 4 4 4 4 4 4 4 4 4 4 4  4 0 4 4 4  3 1 4
P  4 4 4 4 4 4 4 4 4 4 4 4  4 4 0 4 4  4 4 4
S  3 4 3 4 4 4 4 4 4 4 4 4  4 4 4 0 3  4 4 4
T  4 4 4 4 4 4 4 4 4 4 4 4  4 4 4 3 0  4 4 4
W  4 4 4 4 4 4 4 4 4 4 4 4  4 3 4 4 4  0 2 4
Y  4 4 4 4 4 4 4 4 2 4 4 4  4 1 4 4 4  2 0 4
V  4 4 4 4 4 4 4 4 4 1 3 4  3 4 4 4 4  4 4 0
