A R N D C Q E G H I L K M F P S T W Y V *
A 1 0.251169004773464 0.351298467795733 0.326855865447292 0.208122862916906 0.548641811495051 0.480296619209817 0.338110319686436 0.298226722461365 0.466311874992288 0.658059268209546 0.47447682410461 0.538420872715714 0.443315263011441 0.15185973356307 0.490374120137764 0.425374935849705 0.228036845489805 0.220270600136523 0.452788685231467 1
R 0.251169004773464 1 0.243999904978549 0.156095660469841 0.1500195920065 0.538783083993259 0.234880744616573 0.105504290664214 0.194592418121172 0.299807554991211 0.264703747429002 0.669388885925381 0.208125422456907 0.268118522092719 0.0732664504520655 0.348869999145215 0.389757185220788 0.249678129855877 0.359272899958819 0.330601114859906 1
N 0.351298467795733 0.243999904978549 1 0.519090112926696 0.176047631744921 0.569101413360767 0.340491358786268 0.286200189156305 0.59085493176412 0.403268181758902 0.350219722814718 0.41228320445093 0.370254029082767 0.505861604779485 0.130977613882055 0.699503208659245 0.594002037808384 0.249309217733392 0.519463887299562 0.347075882699921 1
D 0.326855865447292 0.156095660469841 0.519090112926696 1 0.164423181171132 0.4755415724663 0.627866309125574 0.153048615822994 0.224564353553607 0.345939745153501 0.290516412214802 0.273792941781316 0.216810343475719 0.366074080773547 0.109020356670604 0.45936681671888 0.431718389050769 0.295616037290995 0.387688137270357 0.306341212798787 1
C 0.208122862916906 0.1500195920065 0.176047631744921 0.164423181171132 1 0.312298157324404 0.125441561292125 0.0521327760856097 0.135661970187806 0.221541267229595 0.110333608159393 0.112109603484395 0.281707469278539 0.188289175449284 0 0.292517711212102 0.303557713978152 0.181385639750919 0.142769008708384 0.270318341146119 1
Q 0.548641811495051 0.538783083993259 0.569101413360767 0.4755415724663 0.312298157324404 1 0.547550014105971 0.22143467934354 0.521623470593451 0.499810113128778 0.510463162886466 0.700536970195072 0.545637754233518 0.538933917765198 0.258440915351448 0.629395529090597 0.613069838831573 0.365965280341586 0.468780560457017 0.474910304346455 1
E 0.480296619209817 0.234880744616573 0.340491358786268 0.627866309125574 0.125441561292125 0.547550014105971 1 0.0688795334061295 0.190730768791665 0.338402586329898 0.398466213018138 0.390240788763188 0.317151430652084 0.337022050994205 0.100709504799855 0.356287956968952 0.344467374029593 0.274806808434406 0.245070686365648 0.308020796466035 1
G 0.338110319686436 0.105504290664214 0.286200189156305 0.153048615822994 0.0521327760856097 0.22143467934354 0.0688795334061295 1 0.0855207296017184 0.18169874205668 0.231318491950344 0.242621798069636 0.147851381179606 0.231502659386916 0.0104469031114647 0.352534082281631 0.226876834720688 0.184033177427972 0.201458978490942 0.163413107765064 1
H 0.298226722461365 0.194592418121172 0.59085493176412 0.224564353553607 0.135661970187806 0.521623470593451 0.190730768791665 0.0855207296017184 1 0.306809619212794 0.320290253341612 0.385781888917231 0.559087908826861 0.488685930966694 0.098480968303328 0.471883229190833 0.408398807477246 0.186448676969913 0.353467645730163 0.223961571506392 1
I 0.466311874992288 0.299807554991211 0.403268181758902 0.345939745153501 0.221541267229595 0.499810113128778 0.338402586329898 0.18169874205668 0.306809619212794 1 0.700260568366173 0.370787604560995 0.397989096761643 0.681604374708173 0.176250187246657 0.537461241320542 0.631000988886682 0.336153631205535 0.558255616375237 0.806642291268045 1
L 0.658059268209546 0.264703747429002 0.350219722814718 0.290516412214802 0.110333608159393 0.510463162886466 0.398466213018138 0.231318491950344 0.320290253341612 0.700260568366173 1 0.446222827622953 0.50948797606437 0.645549757832315 0.165798265116744 0.463428661371444 0.475285775895941 0.308628803659723 0.389950366743213 0.600278147561332 1
K 0.47447682410461 0.669388885925381 0.41228320445093 0.273792941781316 0.112109603484395 0.700536970195072 0.390240788763188 0.242621798069636 0.385781888917231 0.370787604560995 0.446222827622953 1 0.400786538696527 0.405722003288961 0.142137346198201 0.478955569200673 0.450417839728028 0.28337452588647 0.377027472065364 0.356819352145436 1
M 0.538420872715714 0.208125422456907 0.370254029082767 0.216810343475719 0.281707469278539 0.545637754233518 0.317151430652084 0.147851381179606 0.559087908826861 0.397989096761643 0.50948797606437 0.400786538696527 1 0.557211464247579 0.137087153831806 0.381117832511554 0.33620151602294 0.340999786716999 0.270250672853633 0.311382509876471 1
F 0.443315263011441 0.268118522092719 0.505861604779485 0.366074080773547 0.188289175449284 0.538933917765198 0.337022050994205 0.231502659386916 0.488685930966694 0.681604374708173 0.645549757832315 0.405722003288961 0.557211464247579 1 0.206292087945377 0.492131704467852 0.502931700527551 0.512331682806535 0.637228261945067 0.511603444638684 1
P 0.15185973356307 0.0732664504520655 0.130977613882055 0.109020356670604 0 0.258440915351448 0.100709504799855 0.0104469031114647 0.098480968303328 0.176250187246657 0.165798265116744 0.142137346198201 0.137087153831806 0.206292087945377 1 0.225362556699939 0.225351566940735 0.0854582618286405 0.144063794522083 0.130971469318648 1
S 0.490374120137764 0.348869999145215 0.699503208659245 0.45936681671888 0.292517711212102 0.629395529090597 0.356287956968952 0.352534082281631 0.471883229190833 0.537461241320542 0.463428661371444 0.478955569200673 0.381117832511554 0.492131704467852 0.225362556699939 1 0.814977096476823 0.201919474793648 0.477507242380085 0.555175536589038 1
T 0.425374935849705 0.389757185220788 0.594002037808384 0.431718389050769 0.303557713978152 0.613069838831573 0.344467374029593 0.226876834720688 0.408398807477246 0.631000988886682 0.475285775895941 0.450417839728028 0.33620151602294 0.502931700527551 0.225351566940735 0.814977096476823 1 0.201427630380143 0.526337161359103 0.677276504987313 1
W 0.228036845489805 0.249678129855877 0.249309217733392 0.295616037290995 0.181385639750919 0.365965280341586 0.274806808434406 0.184033177427972 0.186448676969913 0.336153631205535 0.308628803659723 0.28337452588647 0.340999786716999 0.512331682806535 0.0854582618286405 0.201919474793648 0.201427630380143 1 0.487961533560039 0.220274428195041 1
Y 0.220270600136523 0.359272899958819 0.519463887299562 0.387688137270357 0.142769008708384 0.468780560457017 0.245070686365648 0.201458978490942 0.353467645730163 0.558255616375237 0.389950366743213 0.377027472065364 0.270250672853633 0.637228261945067 0.144063794522083 0.477507242380085 0.526337161359103 0.487961533560039 1 0.454734929121405 1
V 0.452788685231467 0.330601114859906 0.347075882699921 0.306341212798787 0.270318341146119 0.474910304346455 0.308020796466035 0.163413107765064 0.223961571506392 0.806642291268045 0.600278147561332 0.356819352145436 0.311382509876471 0.511603444638684 0.130971469318648 0.555175536589038 0.677276504987313 0.220274428195041 0.454734929121405 1 1
* 0 0 0 0 0 0 0 0 0 0 0 0 0 0 0 0 0 0 0 0 1
