A R N D C Q E G H I L K M F P S T W Y V *
A 1 0.118950503956391 0.159942504197988 0.232177648369697 0.139026832175294 0.361977529915013 0.408907562845048 0.257964272136102 0.194089009709366 0.222722313744775 0.400050680382584 0.221388526404878 0.264576224745149 0.366100758886665 0.130712909409824 0.442319077509959 0.374069749775214 0.176544813098163 0.0754921275401532 0.352230262318937 1
R 0.118950503956391 1 0.0821850509629256 0.126110606148057 0.00979284383231449 0.176019584011996 0.0889262369764877 0.0256781803932877 0.0171149764160975 0.0890534815503545 0.0851283065326448 0.0801351024711092 0.0491874365464854 0.235560261257691 0 0.13927658969531 0.146742713737732 0.00424281103262092 0.0235054650445414 0.148022179685587 1
N 0.159942504197988 0.0821850509629256 1 0.433985850363987 0.114838614473115 0.281859439729581 0.120392420932085 0.139698007050468 0.173611105002401 0.285559980921427 0.233178963852296 0.265244244783002 0.166854598243342 0.37183364461095 0.0844931298727755 0.409297322814294 0.237108507561038 0.0841431576763215 0.105131823652086 0.174142300465439 1
D 0.232177648369697 0.126110606148057 0.433985850363987 1 0.105365225674556 0.307282575555563 0.44793199672844 0.133494882051985 0.0650692082699532 0.275991454883446 0.145125322869068 0.0779382427946937 0.144400163856289 0.348390320370453 0.108344661642739 0.300175861094155 0.249236069560668 0.140389373327042 0.12469865568396 0.241172691603012 1
C 0.139026832175294 0.00979284383231449 0.114838614473115 0.105365225674556 1 0.16460354932889 0.0927479899830511 0.0109869880595729 0.0179440509837899 0.0958492262327187 0.0835209222932204 0.0448797759899114 0.0651110253213077 0.153796891416716 0.00376996418862929 0.188415315192396 0.0839803297899915 0.0244501029905229 0.04401400775355 0.178925261321334 1
Q 0.361977529915013 0.176019584011996 0.281859439729581 0.307282575555563 0.16460354932889 1 0.367374138717583 0.150897208268395 0.136824865983652 0.285738533376596 0.160546272155836 0.396426666233044 0.45155260530974 0.341081962299598 0.181940668743662 0.425241828012436 0.38723023145934 0.146500549146385 0.326273349555022 0.336989721053464 1
E 0.408907562845048 0.0889262369764877 0.120392420932085 0.44793199672844 0.0927479899830511 0.367374138717583 1 0.0701277230186748 0.146912558358724 0.178797755280744 0.194607973640554 0.177660661765484 0.107025892427917 0.263701933742453 0.0877652320893504 0.204023437923343 0.162750079874907 0.0891577941771796 0.1709242027955 0.273155573870331 1
G 0.257964272136102 0.0256781803932877 0.139698007050468 0.133494882051985 0.0109869880595729 0.150897208268395 0.0701277230186748 1 0.0160960109608955 0.129499910020611 0.042275871093966 0.0698128175809651 0.0631573758911388 0.191823225966783 0.0164651990743571 0.185062379831337 0.080224412127788 0.0214372738459381 0.0873104311818613 0.165096503917878 1
H 0.194089009709366 0.0171149764160975 0.173611105002401 0.0650692082699532 0.0179440509837899 0.136824865983652 0.146912558358724 0.0160960109608955 1 0.112035859304254 0.0354597755286395 0.0765793394764646 0.06457554727683 0.262092378994542 0.0158750949330796 0.154627998794524 0.140718440251443 0.0152107925290828 0.0581690732507641 0.160945230571807 1
I 0.222722313744775 0.0890534815503545 0.285559980921427 0.275991454883446 0.0958492262327187 0.285738533376596 0.178797755280744 0.129499910020611 0.112035859304254 1 0.215067997547636 0.218604276182492 0.208175590900154 0.392988430224132 0.121666056916046 0.188597282914423 0.250927210025837 0.13267782889702 0.123574500611321 0.657276559730282 1
L 0.400050680382584 0.0851283065326448 0.233178963852296 0.145125322869068 0.0835209222932204 0.160546272155836 0.194607973640554 0.042275871093966 0.0354597755286395 0.215067997547636 1 0.184353397062267 0.112717879965759 0.494352977075794 0.0796883346776563 0.319191395705157 0.133119385056317 0.0599153939271415 0.138614114923191 0.223047873120784 1
K 0.221388526404878 0.0801351024711092 0.265244244783002 0.0779382427946937 0.0448797759899114 0.396426666233044 0.177660661765484 0.0698128175809651 0.0765793394764646 0.218604276182492 0.184353397062267 1 0.0635010981870372 0.140431923842272 0.0541457802635388 0.226522220970854 0.118570622015933 0.107346666378483 0.0939790785776928 0.199659643803648 1
M 0.264576224745149 0.0491874365464854 0.166854598243342 0.144400163856289 0.0651110253213077 0.45155260530974 0.107025892427917 0.0631573758911388 0.06457554727683 0.208175590900154 0.112717879965759 0.0635010981870372 1 0.372273363665494 0.0398659575855611 0.181042130223357 0.146438821583907 0.0539347174350145 0.050079281111219 0.146524861997879 1
F 0.366100758886665 0.235560261257691 0.37183364461095 0.348390320370453 0.153796891416716 0.341081962299598 0.263701933742453 0.191823225966783 0.262092378994542 0.392988430224132 0.494352977075794 0.140431923842272 0.372273363665494 1 0.196461153845767 0.381671048117774 0.301134645497471 0.267233117896514 0.370056011189441 0.357968040672842 1
P 0.130712909409824 0 0.0844931298727755 0.108344661642739 0.00376996418862929 0.181940668743662 0.0877652320893504 0.0164651990743571 0.0158750949330796 0.121666056916046 0.0796883346776563 0.0541457802635388 0.0398659575855611 0.196461153845767 1 0.160612021601717 0.118083295196435 0.00654119320131219 0.0286690498898047 0.119041662649336 1
S 0.442319077509959 0.13927658969531 0.409297322814294 0.300175861094155 0.188415315192396 0.425241828012436 0.204023437923343 0.185062379831337 0.154627998794524 0.188597282914423 0.319191395705157 0.226522220970854 0.181042130223357 0.381671048117774 0.160612021601717 1 0.64229922385375 0.135145497055551 0.244441876137225 0.305575307048604 1
T 0.374069749775214 0.146742713737732 0.237108507561038 0.249236069560668 0.0839803297899915 0.38723023145934 0.162750079874907 0.080224412127788 0.140718440251443 0.250927210025837 0.133119385056317 0.118570622015933 0.146438821583907 0.301134645497471 0.118083295196435 0.64229922385375 1 0.172588926180103 0.157835769023791 0.413338377514614 1
W 0.176544813098163 0.00424281103262092 0.0841431576763215 0.140389373327042 0.0244501029905229 0.146500549146385 0.0891577941771796 0.0214372738459381 0.0152107925290828 0.13267782889702 0.0599153939271415 0.107346666378483 0.0539347174350145 0.267233117896514 0.00654119320131219 0.135145497055551 0.172588926180103 1 0.051106254685291 0.10534914558198 1
Y 0.0754921275401532 0.0235054650445414 0.105131823652086 0.12469865568396 0.04401400775355 0.326273349555022 0.1709242027955 0.0873104311818613 0.0581690732507641 0.123574500611321 0.138614114923191 0.0939790785776928 0.050079281111219 0.370056011189441 0.0286690498898047 0.244441876137225 0.157835769023791 0.051106254685291 1 0.210089983365238 1
V 0.352230262318937 0.148022179685587 0.174142300465439 0.241172691603012 0.178925261321334 0.336989721053464 0.273155573870331 0.165096503917878 0.160945230571807 0.657276559730282 0.223047873120784 0.199659643803648 0.146524861997879 0.357968040672842 0.119041662649336 0.305575307048604 0.413338377514614 0.10534914558198 0.210089983365238 1 1
* 0 0 0 0 0 0 0 0 0 0 0 0 0 0 0 0 0 0 0 0 1
