A R N D C Q E G H I L K M F P S T W Y V *
A 1 3.99680288865056e-15 4.55191440096314e-15 2.88657986402541e-15 3.5527136788005e-15 5.88418203051333e-15 4.21884749357559e-15 3.99680288865056e-15 3.88578058618805e-15 4.55191440096314e-15 1.55431223447522e-15 3.88578058618805e-15 4.9960036108132e-15 6.55031584528842e-15 4.55191440096314e-15 4.66293670342566e-15 3.66373598126302e-15 4.32986979603811e-15 4.88498130835069e-15 1.99840144432528e-15 1
R 3.99680288865056e-15 1 4.32986979603811e-15 2.88657986402541e-15 3.21964677141295e-15 5.99520433297585e-15 3.88578058618805e-15 4.21884749357559e-15 3.66373598126302e-15 4.32986979603811e-15 2.22044604925031e-15 3.33066907387547e-15 4.9960036108132e-15 6.66133814775094e-15 4.66293670342566e-15 4.66293670342566e-15 3.66373598126302e-15 3.66373598126302e-15 4.55191440096314e-15 1.33226762955019e-15 1
N 4.55191440096314e-15 4.32986979603811e-15 1 2.99760216648792e-15 3.5527136788005e-15 6.21724893790088e-15 4.55191440096314e-15 3.99680288865056e-15 3.99680288865056e-15 4.55191440096314e-15 2.33146835171283e-15 3.5527136788005e-15 4.9960036108132e-15 6.55031584528842e-15 4.66293670342566e-15 5.21804821573824e-15 3.99680288865056e-15 4.55191440096314e-15 4.9960036108132e-15 1.99840144432528e-15 1
D 2.88657986402541e-15 2.88657986402541e-15 2.99760216648792e-15 1 2.66453525910038e-15 4.9960036108132e-15 2.99760216648792e-15 3.88578058618805e-15 3.5527136788005e-15 3.33066907387547e-15 1.99840144432528e-15 3.21964677141295e-15 4.21884749357559e-15 5.55111512312578e-15 3.5527136788005e-15 3.5527136788005e-15 3.66373598126302e-15 3.33066907387547e-15 3.5527136788005e-15 9.99200722162641e-16 1
C 3.5527136788005e-15 3.21964677141295e-15 3.5527136788005e-15 2.66453525910038e-15 1 5.32907051820075e-15 3.21964677141295e-15 3.66373598126302e-15 3.33066907387547e-15 3.99680288865056e-15 1.88737914186277e-15 3.21964677141295e-15 4.66293670342566e-15 5.32907051820075e-15 3.66373598126302e-15 3.88578058618805e-15 2.99760216648792e-15 3.5527136788005e-15 3.99680288865056e-15 1.33226762955019e-15 1
Q 5.88418203051333e-15 5.99520433297585e-15 6.21724893790088e-15 4.9960036108132e-15 5.32907051820075e-15 1 5.99520433297585e-15 5.99520433297585e-15 6.55031584528842e-15 6.21724893790088e-15 4.32986979603811e-15 5.99520433297585e-15 5.99520433297585e-15 7.54951656745106e-15 6.21724893790088e-15 6.21724893790088e-15 5.88418203051333e-15 6.55031584528842e-15 5.88418203051333e-15 4.21884749357559e-15 1
E 4.21884749357559e-15 3.88578058618805e-15 4.55191440096314e-15 2.99760216648792e-15 3.21964677141295e-15 5.99520433297585e-15 1 3.99680288865056e-15 3.99680288865056e-15 4.66293670342566e-15 1.99840144432528e-15 3.21964677141295e-15 4.66293670342566e-15 5.21804821573824e-15 4.21884749357559e-15 4.21884749357559e-15 3.66373598126302e-15 4.21884749357559e-15 4.55191440096314e-15 1.88737914186277e-15 1
G 3.99680288865056e-15 4.21884749357559e-15 3.99680288865056e-15 3.88578058618805e-15 3.66373598126302e-15 5.99520433297585e-15 3.99680288865056e-15 1 4.66293670342566e-15 4.66293670342566e-15 2.55351295663786e-15 4.32986979603811e-15 4.66293670342566e-15 5.99520433297585e-15 4.9960036108132e-15 4.55191440096314e-15 4.55191440096314e-15 4.55191440096314e-15 4.55191440096314e-15 2.33146835171283e-15 1
H 3.88578058618805e-15 3.66373598126302e-15 3.99680288865056e-15 3.5527136788005e-15 3.33066907387547e-15 6.55031584528842e-15 3.99680288865056e-15 4.66293670342566e-15 1 4.66293670342566e-15 1.88737914186277e-15 4.21884749357559e-15 5.55111512312578e-15 6.32827124036339e-15 4.55191440096314e-15 4.32986979603811e-15 4.88498130835069e-15 4.21884749357559e-15 4.66293670342566e-15 2.33146835171283e-15 1
I 4.55191440096314e-15 4.32986979603811e-15 4.55191440096314e-15 3.33066907387547e-15 3.99680288865056e-15 6.21724893790088e-15 4.66293670342566e-15 4.66293670342566e-15 4.66293670342566e-15 1 2.22044604925031e-15 4.55191440096314e-15 5.32907051820075e-15 6.55031584528842e-15 4.55191440096314e-15 4.66293670342566e-15 4.88498130835069e-15 4.9960036108132e-15 4.88498130835069e-15 2.66453525910038e-15 1
L 1.55431223447522e-15 2.22044604925031e-15 2.33146835171283e-15 1.99840144432528e-15 1.88737914186277e-15 4.32986979603811e-15 1.99840144432528e-15 2.55351295663786e-15 1.88737914186277e-15 2.22044604925031e-15 1 1.99840144432528e-15 3.5527136788005e-15 4.66293670342566e-15 2.55351295663786e-15 2.88657986402541e-15 3.21964677141295e-15 2.22044604925031e-15 2.66453525910038e-15 0 1
K 3.88578058618805e-15 3.33066907387547e-15 3.5527136788005e-15 3.21964677141295e-15 3.21964677141295e-15 5.99520433297585e-15 3.21964677141295e-15 4.32986979603811e-15 4.21884749357559e-15 4.55191440096314e-15 1.99840144432528e-15 1 4.9960036108132e-15 4.66293670342566e-15 4.32986979603811e-15 4.21884749357559e-15 4.21884749357559e-15 4.55191440096314e-15 4.21884749357559e-15 2.22044604925031e-15 1
M 4.9960036108132e-15 4.9960036108132e-15 4.9960036108132e-15 4.21884749357559e-15 4.66293670342566e-15 5.99520433297585e-15 4.66293670342566e-15 4.66293670342566e-15 5.55111512312578e-15 5.32907051820075e-15 3.5527136788005e-15 4.9960036108132e-15 1 6.99440505513849e-15 5.32907051820075e-15 5.55111512312578e-15 4.66293670342566e-15 5.21804821573824e-15 4.55191440096314e-15 2.66453525910038e-15 1
F 6.55031584528842e-15 6.66133814775094e-15 6.55031584528842e-15 5.55111512312578e-15 5.32907051820075e-15 7.54951656745106e-15 5.21804821573824e-15 5.99520433297585e-15 6.32827124036339e-15 6.55031584528842e-15 4.66293670342566e-15 4.66293670342566e-15 6.99440505513849e-15 1 5.99520433297585e-15 6.55031584528842e-15 4.9960036108132e-15 6.55031584528842e-15 6.88338275267597e-15 3.99680288865056e-15 1
P 4.55191440096314e-15 4.66293670342566e-15 4.66293670342566e-15 3.5527136788005e-15 3.66373598126302e-15 6.21724893790088e-15 4.21884749357559e-15 4.9960036108132e-15 4.55191440096314e-15 4.55191440096314e-15 2.55351295663786e-15 4.32986979603811e-15 5.32907051820075e-15 5.99520433297585e-15 1 5.32907051820075e-15 4.55191440096314e-15 4.88498130835069e-15 4.9960036108132e-15 2.55351295663786e-15 1
S 4.66293670342566e-15 4.66293670342566e-15 5.21804821573824e-15 3.5527136788005e-15 3.88578058618805e-15 6.21724893790088e-15 4.21884749357559e-15 4.55191440096314e-15 4.32986979603811e-15 4.66293670342566e-15 2.88657986402541e-15 4.21884749357559e-15 5.55111512312578e-15 6.55031584528842e-15 5.32907051820075e-15 1 4.66293670342566e-15 4.66293670342566e-15 4.9960036108132e-15 2.55351295663786e-15 1
T 3.66373598126302e-15 3.66373598126302e-15 3.99680288865056e-15 3.66373598126302e-15 2.99760216648792e-15 5.88418203051333e-15 3.66373598126302e-15 4.55191440096314e-15 4.88498130835069e-15 4.88498130835069e-15 3.21964677141295e-15 4.21884749357559e-15 4.66293670342566e-15 4.9960036108132e-15 4.55191440096314e-15 4.66293670342566e-15 1 4.55191440096314e-15 4.55191440096314e-15 1.99840144432528e-15 1
W 4.32986979603811e-15 3.66373598126302e-15 4.55191440096314e-15 3.33066907387547e-15 3.5527136788005e-15 6.55031584528842e-15 4.21884749357559e-15 4.55191440096314e-15 4.21884749357559e-15 4.9960036108132e-15 2.22044604925031e-15 4.55191440096314e-15 5.21804821573824e-15 6.55031584528842e-15 4.88498130835069e-15 4.66293670342566e-15 4.55191440096314e-15 1 4.9960036108132e-15 2.22044604925031e-15 1
Y 4.88498130835069e-15 4.55191440096314e-15 4.9960036108132e-15 3.5527136788005e-15 3.99680288865056e-15 5.88418203051333e-15 4.55191440096314e-15 4.55191440096314e-15 4.66293670342566e-15 4.88498130835069e-15 2.66453525910038e-15 4.21884749357559e-15 4.55191440096314e-15 6.88338275267597e-15 4.9960036108132e-15 4.9960036108132e-15 4.55191440096314e-15 4.9960036108132e-15 1 2.55351295663786e-15 1
V 1.99840144432528e-15 1.33226762955019e-15 1.99840144432528e-15 9.99200722162641e-16 1.33226762955019e-15 4.21884749357559e-15 1.88737914186277e-15 2.33146835171283e-15 2.33146835171283e-15 2.66453525910038e-15 0 2.22044604925031e-15 2.66453525910038e-15 3.99680288865056e-15 2.55351295663786e-15 2.55351295663786e-15 1.99840144432528e-15 2.22044604925031e-15 2.55351295663786e-15 1 1
* 0 0 0 0 0 0 0 0 0 0 0 0 0 0 0 0 0 0 0 0 1
