A R N D C Q E G H I L K M F P S T W Y V *
A 1 0.194270199850297 0.264795799107899 0.293520908741159 0.133882215008991 0.525656257627049 0.410704104668609 0.265807439808749 0.243227064665152 0.345441141677272 0.520061168314621 0.255406398848721 0.505940283730532 0.41592369651587 0.131142276839205 0.464831556470445 0.394168639230639 0.21429019643106 0.174810534220966 0.393789743674754 1
R 0.194270199850297 1 0.0965613988489455 0.142092573985488 0.0391274606891039 0.438311625700777 0.21406848118818 0.0972931653761833 0.194572826635735 0.230238216101392 0.0999150145752892 0.218771627494134 0.203965171773936 0.244907562885092 0.0347132959435171 0.1818599397427 0.241068060647915 0.0972031380154013 0.28454661339395 0.306836796571102 1
N 0.264795799107899 0.0965613988489455 1 0.438267888079556 0.184297360828282 0.524803994093105 0.281973389873424 0.2092759811838 0.436918058551366 0.357936417551173 0.355858927925244 0.387442758653157 0.278517451705081 0.432733985937064 0.120700591741334 0.522795277662234 0.315355077786904 0.14886983586592 0.490824563443789 0.286810759752305 1
D 0.293520908741159 0.142092573985488 0.438267888079556 1 0.13599023055392 0.461948853251515 0.629966489824504 0.159330262405112 0.229373598699249 0.3335431727284 0.226857158742695 0.126693533109864 0.222595915628981 0.373680998946254 0.115653181978159 0.336896489664344 0.281974848781063 0.187414132920577 0.382938309728585 0.315473949410509 1
C 0.133882215008991 0.0391274606891039 0.184297360828282 0.13599023055392 1 0.289555651558553 0.101352952204122 0.0174477415234633 0.0812654061258848 0.210484707388737 0.111473785064483 0.0898170441869383 0.214676264208713 0.158392512412299 0 0.185825849594391 0.100684348043045 0.0687289734824482 0.144415994467405 0.235365210421093 1
Q 0.525656257627049 0.438311625700777 0.524803994093105 0.461948853251515 0.289555651558553 1 0.517192185262142 0.194352456285243 0.46832293031675 0.449981291618267 0.47240936132188 0.499816728264842 0.519487109223244 0.53146735380404 0.264381043727854 0.550185568097454 0.464033548600464 0.3076681970963 0.456884089926848 0.4533143980144 1
E 0.410704104668609 0.21406848118818 0.281973389873424 0.629966489824504 0.101352952204122 0.517192185262142 1 0.080178726724678 0.197317307249927 0.335171589908206 0.315293347431754 0.217599439451515 0.313864491590615 0.34021991861263 0.105367376308647 0.228570376888294 0.184144876394043 0.145594115279445 0.246336615563384 0.31779099356115 1
G 0.265807439808749 0.0972931653761833 0.2092759811838 0.159330262405112 0.0174477415234633 0.194352456285243 0.080178726724678 1 0.0966782122710305 0.179863898398284 0.142307935556355 0.0704815053757677 0.145524398468917 0.229298676013411 0.00760585047459661 0.192974276392108 0.0686451406416172 0.0418298407503731 0.193934032217457 0.172542712426419 1
H 0.243227064665152 0.194572826635735 0.436918058551366 0.229373598699249 0.0812654061258848 0.46832293031675 0.197317307249927 0.0966782122710305 1 0.286755439904547 0.205938871232295 0.154604582918846 0.550159802848546 0.478940567520018 0.0890077607265939 0.29451494755042 0.235416895891611 0.0558479131060207 0.329201864105392 0.230352132174205 1
I 0.345441141677272 0.230238216101392 0.357936417551173 0.3335431727284 0.210484707388737 0.449981291618267 0.335171589908206 0.179863898398284 0.286755439904547 1 0.568078984037154 0.24416657222577 0.35197603679471 0.627845943961127 0.17236378371718 0.319678523687662 0.295173180041928 0.150506209947207 0.552449843538135 0.761160792986967 1
L 0.520061168314621 0.0999150145752892 0.355858927925244 0.226857158742695 0.111473785064483 0.47240936132188 0.315293347431754 0.142307935556355 0.205938871232295 0.568078984037154 1 0.420721114650091 0.383326991152605 0.532537551336254 0.147415032899396 0.380595846786598 0.267633261362165 0.224760968287467 0.355702738414031 0.478265290765336 1
K 0.255406398848721 0.218771627494134 0.387442758653157 0.126693533109864 0.0898170441869383 0.499816728264842 0.217599439451515 0.0704815053757677 0.154604582918846 0.24416657222577 0.420721114650091 1 0.181933405611987 0.236499354471893 0.0654705180848781 0.290815239697946 0.114158975959638 0.113577895522262 0.277260910445104 0.189740974850671 1
M 0.505940283730532 0.203965171773936 0.278517451705081 0.222595915628981 0.214676264208713 0.519487109223244 0.313864491590615 0.145524398468917 0.550159802848546 0.35197603679471 0.383326991152605 0.181933405611987 1 0.5565483262836 0.132333881120457 0.287395685772272 0.243577621229925 0.243983778049394 0.249584659084789 0.311119556576423 1
F 0.41592369651587 0.244907562885092 0.432733985937064 0.373680998946254 0.158392512412299 0.53146735380404 0.34021991861263 0.229298676013411 0.478940567520018 0.627845943961127 0.532537551336254 0.236499354471893 0.5565483262836 1 0.212167742571754 0.388227529517935 0.361724533104838 0.387995836860056 0.616844438717958 0.512486854424971 1
P 0.131142276839205 0.0347132959435171 0.120700591741334 0.115653181978159 0 0.264381043727854 0.105367376308647 0.00760585047459661 0.0890077607265939 0.17236378371718 0.147415032899396 0.0654705180848781 0.132333881120457 0.212167742571754 1 0.162110903497901 0.112804072193092 0.0213061445285518 0.153975174990618 0.135362859471765 1
S 0.464831556470445 0.1818599397427 0.522795277662234 0.336896489664344 0.185825849594391 0.550185568097454 0.228570376888294 0.192974276392108 0.29451494755042 0.319678523687662 0.380595846786598 0.290815239697946 0.287395685772272 0.388227529517935 0.162110903497901 1 0.710662922491768 0.211979768947745 0.34632510324955 0.388098942455577 1
T 0.394168639230639 0.241068060647915 0.315355077786904 0.281974848781063 0.100684348043045 0.464033548600464 0.184144876394043 0.0686451406416172 0.235416895891611 0.295173180041928 0.267633261362165 0.114158975959638 0.243577621229925 0.361724533104838 0.112804072193092 0.710662922491768 1 0.190887274167376 0.30448979984286 0.421861943207229 1
W 0.21429019643106 0.0972031380154013 0.14886983586592 0.187414132920577 0.0687289734824482 0.3076681970963 0.145594115279445 0.0418298407503731 0.0558479131060207 0.150506209947207 0.224760968287467 0.113577895522262 0.243983778049394 0.387995836860056 0.0213061445285518 0.211979768947745 0.190887274167376 1 0.330063244252919 0.106742101904127 1
Y 0.174810534220966 0.28454661339395 0.490824563443789 0.382938309728585 0.144415994467405 0.456884089926848 0.246336615563384 0.193934032217457 0.329201864105392 0.552449843538135 0.355702738414031 0.277260910445104 0.249584659084789 0.616844438717958 0.153975174990618 0.34632510324955 0.30448979984286 0.330063244252919 1 0.448254799809449 1
V 0.393789743674754 0.306836796571102 0.286810759752305 0.315473949410509 0.235365210421093 0.4533143980144 0.31779099356115 0.172542712426419 0.230352132174205 0.761160792986967 0.478265290765336 0.189740974850671 0.311119556576423 0.512486854424971 0.135362859471765 0.388098942455577 0.421861943207229 0.106742101904127 0.448254799809449 1 1
* 0 0 0 0 0 0 0 0 0 0 0 0 0 0 0 0 0 0 0 0 1
