A R N D C Q E G H I L K M F P S T W Y V *
A 1 0.269850520399577 0.515309837401323 0.550019076054883 0.256444367919572 0.5042571341905 0.627814378250411 0.458847129525568 0.428725082135601 0.605292484403543 0.709668450457079 0.384995504703754 0.561067598811521 0.531198582871898 0.219331204611885 0.545800238618 0.36603316627212 0.298834031483959 0.256583317697338 0.674064712701201 1
R 0.269850520399577 1 0.430717631551293 0.260793590291736 0.0314325781395136 0.629971087838743 0.287663058794536 0.0586640329624456 0.619048136988246 0.436912847026111 0.374847051208769 0.678000336612855 0.365593855143902 0.469416553291763 0.0879441347214579 0.403761940447166 0.516207722961665 0.353488412347115 0.557483228380004 0.409402897500001 1
N 0.515309837401323 0.430717631551293 1 0.732755097459269 0.423357362900591 0.681449370877367 0.563629290361047 0.388085306956185 0.68161265219334 0.54989341037408 0.484705894142038 0.463512012186185 0.517764367133619 0.551813875010788 0.291612556278632 0.785691618615468 0.545402403506007 0.346654746325218 0.458876356027757 0.610257797515797 1
D 0.550019076054883 0.260793590291736 0.732755097459269 1 0.480034423631986 0.514843809948402 0.714075874254338 0.395065345606865 0.503299582867812 0.450874916458953 0.443040143550911 0.2829110138254 0.492781970950909 0.477880349986939 0.32275591885503 0.602240050762591 0.312049197507799 0.281834077099463 0.250447941471434 0.52962276722431 1
C 0.256444367919572 0.0314325781395136 0.423357362900591 0.480034423631986 1 0.260239860161847 0.342676639467441 0.132308542057474 0.278217336815534 0.214581235184729 0.170636878243052 0 0.306957502626937 0.230413984298047 0.117525873960044 0.377342522723949 0.126900459018488 0.109268826109499 0.0347701880497238 0.303897786760446 1
Q 0.5042571341905 0.629971087838743 0.681449370877367 0.514843809948402 0.260239860161847 1 0.522208458378445 0.218885955896846 0.837479413027735 0.652763769266188 0.581619343153357 0.712491964467254 0.626474236366489 0.639206689563868 0.245172293922809 0.642581307972983 0.645481247978717 0.451548512629542 0.605299973719704 0.632635662692261 1
E 0.627814378250411 0.287663058794536 0.563629290361047 0.714075874254338 0.342676639467441 0.522208458378445 1 0.262577840399995 0.480659865073912 0.497965479860881 0.554175843565959 0.328367617794745 0.582233306407711 0.524402606147283 0.212205644615253 0.462606183298058 0.252673732873453 0.303827108090956 0.219979060294401 0.559569080984366 1
G 0.458847129525568 0.0586640329624456 0.388085306956185 0.395065345606865 0.132308542057474 0.218885955896846 0.262577840399995 1 0.193508513020704 0.286230752983371 0.302771918565132 0.13338173605773 0.204933844288922 0.273361811908818 0.245429134509884 0.418688613696549 0.189662491773655 0.17225248296794 0.128409467565615 0.329904065566664 1
H 0.428725082135601 0.619048136988246 0.68161265219334 0.503299582867812 0.278217336815534 0.837479413027735 0.480659865073912 0.193508513020704 1 0.636833957537015 0.525745127874512 0.632277021460739 0.64391275718561 0.682811014345911 0.206502950823384 0.585245482598048 0.580974618244588 0.504285415509199 0.655022229190037 0.597137276670178 1
I 0.605292484403543 0.436912847026111 0.54989341037408 0.450874916458953 0.214581235184729 0.652763769266188 0.497965479860881 0.286230752983371 0.636833957537015 1 0.811151266801762 0.556352359885794 0.692777419058774 0.790724827020142 0.193321386803108 0.544357444578525 0.525673908667665 0.483312148030508 0.56077436562782 0.825592921762703 1
L 0.709668450457079 0.374847051208769 0.484705894142038 0.443040143550911 0.170636878243052 0.581619343153357 0.554175843565959 0.302771918565132 0.525745127874512 0.811151266801762 1 0.517043658126415 0.653707413818927 0.708833609554087 0.172453165340526 0.491687972504392 0.435329996914911 0.431159273019322 0.435348695309873 0.770148976711436 1
K 0.384995504703754 0.678000336612855 0.463512012186185 0.2829110138254 0 0.712491964467254 0.328367617794745 0.13338173605773 0.632277021460739 0.556352359885794 0.517043658126415 1 0.449530254840374 0.524526296227125 0.0945473110138348 0.469478455508844 0.628466634045886 0.390495762964971 0.649825674195301 0.494391609887786 1
M 0.561067598811521 0.365593855143902 0.517764367133619 0.492781970950909 0.306957502626937 0.626474236366489 0.582233306407711 0.204933844288922 0.64391275718561 0.692777419058774 0.653707413818927 0.449530254840374 1 0.743972750573495 0.163290489714455 0.437958282254373 0.354888840057046 0.560917539779906 0.440480289946025 0.628097445999702 1
F 0.531198582871898 0.469416553291763 0.551813875010788 0.477880349986939 0.230413984298047 0.639206689563868 0.524402606147283 0.273361811908818 0.682811014345911 0.790724827020142 0.708833609554087 0.524526296227125 0.743972750573495 1 0.214847187908113 0.472007441216611 0.417924195154764 0.644475899274097 0.589307944424568 0.682016520805061 1
P 0.219331204611885 0.0879441347214579 0.291612556278632 0.32275591885503 0.117525873960044 0.245172293922809 0.212205644615253 0.245429134509884 0.206502950823384 0.193321386803108 0.172453165340526 0.0945473110138348 0.163290489714455 0.214847187908113 1 0.300594099566747 0.137437043495762 0.189883067217394 0.115532902569419 0.18707171093969 1
S 0.545800238618 0.403761940447166 0.785691618615468 0.602240050762591 0.377342522723949 0.642581307972983 0.462606183298058 0.418688613696549 0.585245482598048 0.544357444578525 0.491687972504392 0.469478455508844 0.437958282254373 0.472007441216611 0.300594099566747 1 0.660927977987484 0.256185898071746 0.422830363283201 0.630263493127733 1
T 0.36603316627212 0.516207722961665 0.545402403506007 0.312049197507799 0.126900459018488 0.645481247978717 0.252673732873453 0.189662491773655 0.580974618244588 0.525673908667665 0.435329996914911 0.628466634045886 0.354888840057046 0.417924195154764 0.137437043495762 0.660927977987484 1 0.220838789288324 0.561676834175154 0.539026989560073 1
W 0.298834031483959 0.353488412347115 0.346654746325218 0.281834077099463 0.109268826109499 0.451548512629542 0.303827108090956 0.17225248296794 0.504285415509199 0.483312148030508 0.431159273019322 0.390495762964971 0.560917539779906 0.644475899274097 0.189883067217394 0.256185898071746 0.220838789288324 1 0.521006155634044 0.363065413639936 1
Y 0.256583317697338 0.557483228380004 0.458876356027757 0.250447941471434 0.0347701880497238 0.605299973719704 0.219979060294401 0.128409467565615 0.655022229190037 0.56077436562782 0.435348695309873 0.649825674195301 0.440480289946025 0.589307944424568 0.115532902569419 0.422830363283201 0.561676834175154 0.521006155634044 1 0.453048037489141 1
V 0.674064712701201 0.409402897500001 0.610257797515797 0.52962276722431 0.303897786760446 0.632635662692261 0.559569080984366 0.329904065566664 0.597137276670178 0.825592921762703 0.770148976711436 0.494391609887786 0.628097445999702 0.682016520805061 0.18707171093969 0.630263493127733 0.539026989560073 0.363065413639936 0.453048037489141 1 1
* 0 0 0 0 0 0 0 0 0 0 0 0 0 0 0 0 0 0 0 0 1
