A R N D C Q E G H I L K M F P S T W Y V *
A 1 0.628546858995135 0.559758401047921 0.49386285618104 0.692876559837716 0.700286607265131 0.622121979198829 0.513881651540556 0.744415813709 0.463998851350866 0.544805323853535 0.608837254507707 0.557283258460908 0.471295977912618 0.476630620113057 0.643333504438773 0.801377436280247 0.4549786979812 0.647440260837001 0.585377740731478 1
R 0.628546858995135 1 0.731960327185634 0.687171268064034 0.482416124193647 0.903062526769232 0.824118069710117 0.504051583615392 0.771381631963553 0.222296977497051 0.289328352746203 0.884455819147192 0.361690568450962 0.272172256143179 0.578020588008564 0.690223804804834 0.726366650240708 0.326330235177862 0.542004751938236 0.318776901255296 1
N 0.559758401047921 0.731960327185634 1 0.897222258940558 0.38965481384031 0.77481746714836 0.783414922865587 0.733217937187145 0.606945832736113 0.0804586175782607 0.142568375612973 0.793215829581216 0.194389448320665 0.115492562455274 0.784958353062241 0.870904098658156 0.722612615490946 0.150870119917009 0.391776292843945 0.193457189141985 1
D 0.49386285618104 0.687171268064034 0.897222258940558 1 0.303337132837838 0.719360803768084 0.783711246247426 0.697084467670963 0.531843181351365 0 0.0670402436783829 0.77376913191059 0.118925893514255 0.0350816500487011 0.757405651602313 0.798536740751208 0.638124515366549 0.0721212547344748 0.308164146940026 0.113016931900314 1
C 0.692876559837716 0.482416124193647 0.38965481384031 0.303337132837838 1 0.5291408560044 0.403607919446442 0.338672408874411 0.697365353992115 0.65113574766639 0.673507748684705 0.412367289055103 0.719139884957783 0.67382326488319 0.334573907824021 0.456785134125414 0.646219367505802 0.663447387476863 0.813276682956225 0.749157338890513 1
Q 0.700286607265131 0.903062526769232 0.77481746714836 0.719360803768084 0.5291408560044 1 0.855976073469914 0.571418732647531 0.796704564283475 0.252879026026712 0.322209020000068 0.880192061853882 0.384960310049194 0.294857535670298 0.625723437047522 0.761385614671176 0.804581798925727 0.335986488265932 0.560593698137861 0.357567285750962 1
E 0.622121979198829 0.824118069710117 0.783414922865587 0.783711246247426 0.403607919446442 0.855976073469914 1 0.573971980982634 0.662618659767741 0.138040846248044 0.216299160318917 0.91552403980869 0.27209773872295 0.175348996508402 0.618648271343037 0.743747459792303 0.701259216222296 0.212332231316389 0.427385090284677 0.244962126293805 1
G 0.513881651540556 0.504051583615392 0.733217937187145 0.697084467670963 0.338672408874411 0.571418732647531 0.573971980982634 1 0.450992009484267 0.034138150773467 0.0915910018511898 0.564026916011312 0.109125401591355 0.045250630427353 0.76258445567468 0.805138964384672 0.646588978282217 0.0483766313943792 0.288834886241279 0.1573175611818 1
H 0.744415813709 0.771381631963553 0.606945832736113 0.531843181351365 0.697365353992115 0.796704564283475 0.662618659767741 0.450992009484267 1 0.4338817876191 0.491736298306384 0.686746051789725 0.570646125679825 0.485803795905112 0.496451846143239 0.62406196360694 0.783084307871417 0.533563409774922 0.755252067135075 0.526633299273075 1
I 0.463998851350866 0.222296977497051 0.0804586175782607 0 0.65113574766639 0.252879026026712 0.138040846248044 0.034138150773467 0.4338817876191 1 0.889637989134672 0.145863836111747 0.821429370834927 0.896727183186657 0.0277935804474048 0.149996651593202 0.347072423868018 0.758706570248208 0.640038323780662 0.870010965497871 1
L 0.544805323853535 0.289328352746203 0.142568375612973 0.0670402436783829 0.673507748684705 0.322209020000068 0.216299160318917 0.0915910018511898 0.491736298306384 0.889637989134672 1 0.219844477390279 0.859767483190008 0.850587722774293 0.0798936382750263 0.212850776340317 0.407321406892713 0.736820074724988 0.664758267119866 0.897629676301764 1
K 0.608837254507707 0.884455819147192 0.793215829581216 0.77376913191059 0.412367289055103 0.880192061853882 0.91552403980869 0.564026916011312 0.686746051789725 0.145863836111747 0.219844477390279 1 0.280787815917274 0.187920499313209 0.621676940678366 0.739763179951243 0.707997011422047 0.231692703780327 0.451268603004284 0.250122131989306 1
M 0.557283258460908 0.361690568450962 0.194389448320665 0.118925893514255 0.719139884957783 0.384960310049194 0.27209773872295 0.109125401591355 0.570646125679825 0.821429370834927 0.859767483190008 0.280787815917274 1 0.875774898427665 0.117909041143163 0.247806473293422 0.443582223646542 0.838020641530182 0.746534735027066 0.827202559433956 1
F 0.471295977912618 0.272172256143179 0.115492562455274 0.0350816500487011 0.67382326488319 0.294857535670298 0.175348996508402 0.045250630427353 0.485803795905112 0.896727183186657 0.850587722774293 0.187920499313209 0.875774898427665 1 0.0561951582693025 0.172752345523009 0.370940131016319 0.86073524169809 0.702919648323441 0.828078221012419 1
P 0.476630620113057 0.578020588008564 0.784958353062241 0.757405651602313 0.334573907824021 0.625723437047522 0.618648271343037 0.76258445567468 0.496451846143239 0.0277935804474048 0.0798936382750263 0.621676940678366 0.117909041143163 0.0561951582693025 1 0.783557090455829 0.646492793547244 0.0829909619829468 0.325509170547314 0.140514567208898 1
S 0.643333504438773 0.690223804804834 0.870904098658156 0.798536740751208 0.456785134125414 0.761385614671176 0.743747459792303 0.805138964384672 0.62406196360694 0.149996651593202 0.212850776340317 0.739763179951243 0.247806473293422 0.172752345523009 0.783557090455829 1 0.800605197415788 0.189777080040194 0.431864121686889 0.26985399757273 1
T 0.801377436280247 0.726366650240708 0.722612615490946 0.638124515366549 0.646219367505802 0.804581798925727 0.701259216222296 0.646588978282217 0.783084307871417 0.347072423868018 0.407321406892713 0.707997011422047 0.443582223646542 0.370940131016319 0.646492793547244 0.800605197415788 1 0.383646049950582 0.623059276765289 0.464761943701933 1
W 0.4549786979812 0.326330235177862 0.150870119917009 0.0721212547344748 0.663447387476863 0.335986488265932 0.212332231316389 0.0483766313943792 0.533563409774922 0.758706570248208 0.736820074724988 0.231692703780327 0.838020641530182 0.86073524169809 0.0829909619829468 0.189777080040194 0.383646049950582 1 0.749549176181847 0.721165940457841 1
Y 0.647440260837001 0.542004751938236 0.391776292843945 0.308164146940026 0.813276682956225 0.560593698137861 0.427385090284677 0.288834886241279 0.755252067135075 0.640038323780662 0.664758267119866 0.451268603004284 0.746534735027066 0.702919648323441 0.325509170547314 0.431864121686889 0.623059276765289 0.749549176181847 1 0.705363076032059 1
V 0.585377740731478 0.318776901255296 0.193457189141985 0.113016931900314 0.749157338890513 0.357567285750962 0.244962126293805 0.1573175611818 0.526633299273075 0.870010965497871 0.897629676301764 0.250122131989306 0.827202559433956 0.828078221012419 0.140514567208898 0.26985399757273 0.464761943701933 0.721165940457841 0.705363076032059 1 1
* 0 0 0 0 0 0 0 0 0 0 0 0 0 0 0 0 0 0 0 0 1
