A R N D C Q E G H I L K M F P S T W Y V *
A 2 -1 -1 -1 0 0 0 0 0 -1 -1 -1 -1 -1 0 0 -1 0 -1 0 1
R -1 1 0 0 1 0 0 0 0 0 -1 0 0 0 0 0 0 0 0 -1 1
N -1 0 1 0 0 0 0 0 0 -1 -2 1 0 0 0 0 0 0 0 -2 1
D -1 0 0 1 -5 0 0 0 0 -1 -2 0 0 0 0 0 0 0 0 -1 1
C 0 1 0 -5 2 -4 -4 0 -2 -5 0 -5 -4 -4 -4 0 -6 -2 -5 0 1
Q 0 0 0 0 -4 2 0 0 0 -1 -2 1 0 0 0 0 0 0 0 -2 1
E 0 0 0 0 -4 0 1 0 1 -1 0 -1 0 0 0 0 0 0 0 0 1
G 0 0 0 0 0 0 0 1 0 -2 -1 -1 0 0 0 0 0 0 0 0 1
H 0 0 0 0 -2 0 1 0 2 0 0 -1 0 0 1 0 0 1 0 0 1
I -1 0 -1 -1 -5 -1 -1 -2 0 3 0 -1 0 0 0 0 1 -1 0 0 1
L -1 -1 -2 -2 0 -2 0 -1 0 0 2 -4 0 1 0 -1 -1 -1 0 0 1
K -1 0 1 0 -5 1 -1 -1 -1 -1 -4 3 0 -3 0 -2 -1 -2 -4 -3 1
M -1 0 0 0 -4 0 0 0 0 0 0 0 1 0 0 0 0 0 -1 0 1
F -1 0 0 0 -4 0 0 0 0 0 1 -3 0 1 0 0 0 0 0 0 1
P 0 0 0 0 -4 0 0 0 1 0 0 0 0 0 1 0 0 0 0 0 1
S 0 0 0 0 0 0 0 0 0 0 -1 -2 0 0 0 1 0 0 0 -1 1
T -1 0 0 0 -6 0 0 0 0 1 -1 -1 0 0 0 0 1 0 0 0 1
W 0 0 0 0 -2 0 0 0 1 -1 -1 -2 0 0 0 0 0 2 0 -1 1
Y -1 0 0 0 -5 0 0 0 0 0 0 -4 -1 0 0 0 0 0 1 -1 1
V 0 -1 -2 -1 0 -2 0 0 0 0 0 -3 0 0 0 -1 0 -1 -1 1 1
* 0 0 0 0 0 0 0 0 0 0 0 0 0 0 0 0 0 0 0 0 1
