A R N D C Q E G H I L K M F P S T W Y V *
A 0 0 0 0 -5 0 -1 0 0 0 0 0 0 -1 0 0 0 0 -1 0 1
R 0 2 0 0 -4 -1 -1 0 0 0 0 0 0 -1 0 0 0 0 -1 0 1
N 0 0 1 1 -4 0 0 0 0 0 -1 0 0 -1 0 -1 0 0 0 0 1
D 0 0 1 1 -4 0 0 0 0 0 0 0 0 -1 0 -1 0 0 0 0 1
C -5 -4 -4 -4 2 -6 -5 0 -3 -3 -5 -2 -1 -5 -4 0 -5 -2 -5 -4 1
Q 0 -1 0 0 -6 2 -1 -1 -1 0 1 -1 0 -2 -1 -2 -1 0 0 -1 1
E -1 -1 0 0 -5 -1 2 0 -1 0 -1 1 0 -2 0 -2 1 0 -1 0 1
G 0 0 0 0 0 -1 0 0 0 0 0 0 0 -1 0 0 0 0 -1 0 1
H 0 0 0 0 -3 -1 -1 0 2 0 0 -1 0 2 0 -1 0 0 1 0 1
I 0 0 0 0 -3 0 0 0 0 2 0 0 2 0 0 0 0 0 0 0 1
L 0 0 -1 0 -5 1 -1 0 0 0 1 0 0 0 0 -1 0 0 0 0 1
K 0 0 0 0 -2 -1 1 0 -1 0 0 1 0 -1 0 0 0 0 -1 0 1
M 0 0 0 0 -1 0 0 0 0 2 0 0 2 0 0 0 0 0 -1 0 1
F -1 -1 -1 -1 -5 -2 -2 -1 2 0 0 -1 0 2 0 -2 0 0 2 -1 1
P 0 0 0 0 -4 -1 0 0 0 0 0 0 0 0 1 -1 0 0 -1 0 1
S 0 0 -1 -1 0 -2 -2 0 -1 0 -1 0 0 -2 -1 1 0 0 -2 0 1
T 0 0 0 0 -5 -1 1 0 0 0 0 0 0 0 0 0 0 0 0 0 1
W 0 0 0 0 -2 0 0 0 0 0 0 0 0 0 0 0 0 1 0 0 1
Y -1 -1 0 0 -5 0 -1 -1 1 0 0 -1 -1 2 -1 -2 0 0 2 -1 1
V 0 0 0 0 -4 -1 0 0 0 0 0 0 0 -1 0 0 0 0 -1 0 1
* 0 0 0 0 0 0 0 0 0 0 0 0 0 0 0 0 0 0 0 0 1
