A R N D C Q E G H I L K M F P S T W Y V *
A 1 4.54198270332243 6.05299320162058 7.08516480507612 4.99019331604085 6.84089352790569 9.65480447485388 7.11931451458297 5.29336284492163 9.0160614870081 11.9173129253819 6.54444866248553 6.06650010108059 6.11603513326097 5.31366668894609 8.41476197380829 9.06078145499254 3.93724701548807 4.69971469650777 12.7993939359187 1
R 4.54198270332243 1 8.04713172844787 7.09859199402066 4.8478005112468 10.1458637248027 6.68213638471222 4.4645503478748 8.99087220386336 5.21838154650032 4.82923829572723 13.1355030784748 5.16812445896644 5.91264008910556 4.57130679480282 6.26844668909453 6.87189193804206 5.54872735727349 8.58628479481822 5.19706118106927 1
N 6.05299320162058 8.04713172844787 1 23.9548465724534 7.25555672494946 15.0467940770161 8.53555979482809 7.40785412860055 10.9969352642782 6.39810652621484 5.75642989094583 10.8376252726135 6.18962306420752 6.87459894675633 8.05804238231838 15.6235725900825 13.5352899005983 5.72070322078551 9.2337362543053 6.64541250820395 1
D 7.08516480507612 7.09859199402066 23.9548465724534 1 6.40767767293135 15.2415647457569 11.4228645289162 7.60246400575051 9.24901499967084 6.73800839915165 6.40958922212835 11.4917837400122 6.26520718502824 6.82356008601286 8.99085919545275 17.1321243372846 13.1327353526291 5.2409206076131 7.62935265838947 7.16375384256087 1
C 4.99019331604085 4.8478005112468 7.25555672494946 6.40767767293135 1 7.09608329416843 5.32768915085547 4.86584145576071 9.28705288125557 7.07942127990964 5.63911359921706 5.38069237150934 9.3302116393742 8.36491440145495 5.0231785695729 6.3599989286482 6.75296363707206 8.03289972154156 8.09564384179329 6.50578820178875 1
Q 6.84089352790569 10.1458637248027 15.0467940770161 15.2415647457569 7.09608329416843 1 13.429263040495 5.79640961372809 16.457610126118 8.33613380597711 7.47260433218377 20.6860817825318 8.33562328530975 9.4744727059825 6.42114360193561 10.4438835622272 11.502136796416 6.76692989006439 10.7780295809436 8.2834396116801 1
E 9.65480447485388 6.68213638471222 8.53555979482809 11.4228645289162 5.32768915085547 13.429263040495 1 5.6736346710702 7.81181361309564 8.32724699706905 9.38735026337786 13.394316239054 7.23430006639375 7.48905771859214 5.98598637576118 8.9515669634789 9.19800236873702 4.96426569995287 6.27550630507057 9.01806928670404 1
G 7.11931451458297 4.4645503478748 7.40785412860055 7.60246400575051 4.86584145576071 5.79640961372809 5.6736346710702 1 4.81668524773867 5.21133448902516 5.12486963353961 5.52314988215015 4.23320002393972 4.52525179880762 6.66267784295609 12.8195530412641 10.8560133520877 3.52598553902846 4.59745005607146 6.10347667176532 1
H 5.29336284492163 8.99087220386336 10.9969352642782 9.24901499967084 9.28705288125557 16.457610126118 7.81181361309564 4.81668524773867 1 7.79204397046206 6.34132751060041 10.0410622888313 9.84104988338922 11.4930320913212 5.70465263451579 7.43269632897034 8.14071297513133 10.9094510776474 20.3752426369521 7.01209601407041 1
I 9.0160614870081 5.21838154650032 6.39810652621484 6.73800839915165 7.07942127990964 8.33613380597711 8.32724699706905 5.21133448902516 7.79204397046206 1 21.8776442949566 6.88878080096784 12.405584794744 15.789405927446 5.41111401900898 6.9951757592163 8.17465445626924 6.17898253886112 7.12710815680521 26.7690741694877 1
L 11.9173129253819 4.82923829572723 5.75642989094583 6.40958922212835 5.63911359921706 7.47260433218377 9.38735026337786 5.12486963353961 6.34132751060041 21.8776442949566 1 6.69351483002091 9.29941750210742 9.96800900245447 5.11524038657194 6.6243083433721 7.47823338340577 5.03558021992802 5.70674228045226 23.9547289153729 1
K 6.54444866248553 13.1355030784748 10.8376252726135 11.4917837400122 5.38069237150934 20.6860817825318 13.394316239054 5.52314988215015 10.0410622888313 6.88878080096784 6.69351483002091 1 6.36621086163944 7.18404130117822 5.63247173059654 9.03247107312498 9.94811634373617 5.45114677919847 8.12261438145984 7.15845673271824 1
M 6.06650010108059 5.16812445896644 6.18962306420752 6.26520718502824 9.3302116393742 8.33562328530975 7.23430006639375 4.23320002393972 9.84104988338922 12.405584794744 9.29941750210742 6.36621086163944 1 17.8854129948522 4.73021467169407 5.73869628787435 6.30198280019644 9.07429353908318 7.88783751312976 9.19472193168536 1
F 6.11603513326097 5.91264008910556 6.87459894675633 6.82356008601286 8.36491440145495 9.4744727059825 7.48905771859214 4.52525179880762 11.4930320913212 15.789405927446 9.96800900245447 7.18404130117822 17.8854129948522 1 5.44351723314953 6.31262308157446 7.10885006992873 9.96547780250048 10.7617571411625 10.4826154996183 1
P 5.31366668894609 4.57130679480282 8.05804238231838 8.99085919545275 5.0231785695729 6.42114360193561 5.98598637576118 6.66267784295609 5.70465263451579 5.41111401900898 5.11524038657194 5.63247173059654 4.73021467169407 5.44351723314953 1 8.33388433103497 7.09230401568073 4.3880330562819 5.7964719820286 5.55470156682862 1
S 8.41476197380829 6.26844668909453 15.6235725900825 17.1321243372846 6.3599989286482 10.4438835622272 8.9515669634789 12.8195530412641 7.43269632897034 6.9951757592163 6.6243083433721 9.03247107312498 5.73869628787435 6.31262308157446 8.33388433103497 1 28.8475642032762 4.62949744617775 6.65212772732899 8.11796753614 1
T 9.06078145499254 6.87189193804206 13.5352899005983 13.1327353526291 6.75296363707206 11.502136796416 9.19800236873702 10.8560133520877 8.14071297513133 8.17465445626924 7.47823338340577 9.94811634373617 6.30198280019644 7.10885006992873 7.09230401568073 28.8475642032762 1 4.92110169251603 7.27097626746665 9.82879192120189 1
W 3.93724701548807 5.54872735727349 5.72070322078551 5.2409206076131 8.03289972154156 6.76692989006439 4.96426569995287 3.52598553902846 10.9094510776474 6.17898253886112 5.03558021992802 5.45114677919847 9.07429353908318 9.96547780250048 4.3880330562819 4.62949744617775 4.92110169251603 1 11.7544814522735 5.2302572128586 1
Y 4.69971469650777 8.58628479481822 9.2337362543053 7.62935265838947 8.09564384179329 10.7780295809436 6.27550630507057 4.59745005607146 20.3752426369521 7.12710815680521 5.70674228045226 8.12261438145984 7.88783751312976 10.7617571411625 5.7964719820286 6.65212772732899 7.27097626746665 11.7544814522735 1 6.35619925342146 1
V 12.7993939359187 5.19706118106927 6.64541250820395 7.16375384256087 6.50578820178875 8.2834396116801 9.01806928670404 6.10347667176532 7.01209601407041 26.7690741694877 23.9547289153729 7.15845673271824 9.19472193168536 10.4826154996183 5.55470156682862 8.11796753614 9.82879192120189 5.2302572128586 6.35619925342146 1 1
* 0 0 0 0 0 0 0 0 0 0 0 0 0 0 0 0 0 0 0 0 1
