A R N D C Q E G H I L K M F P S T W Y V *
A 1 0.223690231922455 0.417480670871324 0.50234248093957 0.293417045048281 0.484572369874623 0.63479472337198 0.504729629263331 0.333885538866615 0.608921751020742 0.704129147140317 0.461224967774548 0.418777634504548 0.423485074529247 0.336430802789439 0.580976199920639 0.610851938484222 0.104454070278503 0.249744768198691 0.724519336096566 1
R 0.223690231922455 1 0.561833252143302 0.503283814311558 0.27266282289293 0.652470638807341 0.472326612923464 0.210226055417454 0.607826086381992 0.324314347732365 0.269867146098766 0.731568291068615 0.317743686897662 0.403652939145522 0.228670116160832 0.437502508370574 0.486897411830797 0.364541576474027 0.589346775318195 0.321542422499825 1
N 0.417480670871324 0.561833252143302 1 0.852807008036398 0.514029636498636 0.765665329040796 0.586906351336799 0.524020657289243 0.679366527646837 0.448901714189736 0.387470080270689 0.67465330731276 0.430339214124681 0.487099456079233 0.562426533426349 0.774316308341238 0.739496858587964 0.38364473685382 0.618140973283221 0.469410584418119 1
D 0.50234248093957 0.503283814311558 0.852807008036398 1 0.449724889576818 0.768659872011497 0.691322125890342 0.536204901942134 0.618771778491662 0.476702115795463 0.449888999617104 0.693173347254033 0.437211661977534 0.483263062890569 0.607825518965777 0.794188655790055 0.731511719047732 0.327220196026913 0.537839486925385 0.507801968560103 1
C 0.293417045048281 0.27266282289293 0.514029636498636 0.449724889576818 1 0.503108208731694 0.338177314931692 0.275359550637636 0.620333211825993 0.501938732049372 0.374726989093107 0.344696686675775 0.622089436412296 0.578479184626783 0.298056899592113 0.445599664624803 0.47786102094913 0.561056945654016 0.564458910503725 0.458023312523608 1
Q 0.484572369874623 0.652470638807341 0.765665329040796 0.768659872011497 0.503108208731694 1 0.737440131420757 0.39169489839407 0.785753489600974 0.57702387928319 0.528145023838291 0.829547926180687 0.576997973835686 0.627843612151415 0.450878884258939 0.662387509586852 0.693449521472641 0.478938662538011 0.672854345727285 0.574333162994678 1
E 0.63479472337198 0.472326612923464 0.586906351336799 0.691322125890342 0.338177314931692 0.737440131420757 1 0.378531445281908 0.548634195122432 0.576572480644623 0.624389690370444 0.736755092525912 0.512601702076461 0.529181684596323 0.410959979243172 0.606104098487565 0.616657465645705 0.289726668122955 0.43813528859345 0.609008821408474 1
G 0.504729629263331 0.210226055417454 0.524020657289243 0.536204901942134 0.275359550637636 0.39169489839407 0.378531445281908 1 0.267964303732773 0.323400647865911 0.311985320377183 0.36159879520492 0.167063800650052 0.22082003481938 0.470785527660444 0.724952537137692 0.675204384457542 0 0.233056260312825 0.422298842340192 1
H 0.333885538866615 0.607826086381992 0.679366527646837 0.618771778491662 0.620333211825993 0.785753489600974 0.548634195122432 0.267964303732773 1 0.547489008994982 0.443967287112315 0.648843375570886 0.641706364584129 0.693206674182086 0.381910562319849 0.525611516605991 0.566870180806052 0.676795329670352 0.82694755582278 0.497156694381645 1
I 0.608921751020742 0.324314347732365 0.448901714189736 0.476702115795463 0.501938732049372 0.57702387928319 0.576572480644623 0.323400647865911 0.547489008994982 1 0.838831572015215 0.488155358560244 0.71577433894754 0.776686624232049 0.348380846043561 0.495940393723075 0.568668552549724 0.429358228987915 0.505271217799365 0.86828137885144 1
L 0.704129147140317 0.269867146098766 0.387470080270689 0.449888999617104 0.374726989093107 0.528145023838291 0.624389690370444 0.311985320377183 0.443967287112315 0.838831572015215 1 0.473223615907423 0.620838021496572 0.646269827990702 0.31069015870993 0.467720197149888 0.528500200748932 0.299785648320213 0.382136889008238 0.852806285076945 1
K 0.461224967774548 0.731568291068615 0.67465330731276 0.693173347254033 0.344696686675775 0.829547926180687 0.736755092525912 0.36159879520492 0.648843375570886 0.488155358560244 0.473223615907423 1 0.4461406296994 0.509191917027234 0.373989660724845 0.609632235688017 0.6455624947281 0.353166281912718 0.56590509244454 0.507437752202554 1
M 0.418777634504548 0.317743686897662 0.430339214124681 0.437211661977534 0.622089436412296 0.576997973835686 0.512601702076461 0.167063800650052 0.641706364584129 0.71577433894754 0.620838021496572 0.4461406296994 1 0.802856912499403 0.254582342715184 0.385577252715267 0.440495848557608 0.61143139971812 0.552984511514182 0.61652069902432 1
F 0.423485074529247 0.403652939145522 0.487099456079233 0.483263062890569 0.578479184626783 0.627843612151415 0.529181684596323 0.22082003481938 0.693206674182086 0.776686624232049 0.646269827990702 0.509191917027234 0.802856912499403 1 0.352259690195124 0.441438924284859 0.50400057613484 0.64617998164185 0.672359681344048 0.663634945004245 1
P 0.336430802789439 0.228670116160832 0.562426533426349 0.607825518965777 0.298056899592113 0.450878884258939 0.410959979243172 0.470785527660444 0.381910562319849 0.348380846043561 0.31069015870993 0.373989660724845 0.254582342715184 0.352259690195124 1 0.576909709929875 0.502843429831451 0.196454198543317 0.391701443574569 0.365225026654029 1
S 0.580976199920639 0.437502508370574 0.774316308341238 0.794188655790055 0.445599664624803 0.662387509586852 0.606104098487565 0.724952537137692 0.525611516605991 0.495940393723075 0.467720197149888 0.609632235688017 0.385577252715267 0.441438924284859 0.576909709929875 1 0.877771810674122 0.238365377663267 0.469946206152564 0.565656610065107 1
T 0.610851938484222 0.486897411830797 0.739496858587964 0.731511719047732 0.47786102094913 0.693449521472641 0.616657465645705 0.675204384457542 0.566870180806052 0.568668552549724 0.528500200748932 0.6455624947281 0.440495848557608 0.50400057613484 0.502843429831451 0.877771810674122 1 0.28349671286193 0.515060232722094 0.64125951924748 1
W 0.104454070278503 0.364541576474027 0.38364473685382 0.327220196026913 0.561056945654016 0.478938662538011 0.289726668122955 0 0.676795329670352 0.429358228987915 0.299785648320213 0.353166281912718 0.61143139971812 0.64617998164185 0.196454198543317 0.238365377663267 0.28349671286193 1 0.700030532750854 0.325848539463831 1
Y 0.249744768198691 0.589346775318195 0.618140973283221 0.537839486925385 0.564458910503725 0.672854345727285 0.43813528859345 0.233056260312825 0.82694755582278 0.505271217799365 0.382136889008238 0.56590509244454 0.552984511514182 0.672359681344048 0.391701443574569 0.469946206152564 0.515060232722094 0.700030532750854 1 0.445268249397553 1
V 0.724519336096566 0.321542422499825 0.469410584418119 0.507801968560103 0.458023312523608 0.574333162994678 0.609008821408474 0.422298842340192 0.497156694381645 0.86828137885144 0.852806285076945 0.507437752202554 0.61652069902432 0.663634945004245 0.365225026654029 0.565656610065107 0.64125951924748 0.325848539463831 0.445268249397553 1 1
* 0 0 0 0 0 0 0 0 0 0 0 0 0 0 0 0 0 0 0 0 1
