A R N D C Q E G H I L K M F P S T W Y V *
A 1 3.89109330603335 4.47834950795383 5.10571356855192 5.08248720570738 4.85623897726787 4.80989167704488 6.52494314973722 4.45387625610242 7.1774124515169 7.39062074313733 4.32344676984019 5.27185548538017 5.34024958206607 4.37520059512414 6.64170654306542 7.93081175461068 3.52375269169891 4.25184067308216 11.7316361037952 1
R 3.89109330603335 1 7.02201825271119 5.5549522498001 4.28042766470903 11.5576719942963 5.14145696473286 3.53170974906031 10.86679550494 3.38602114595712 3.23457352810497 13.3938784323547 4.2881196669492 3.72469648718885 3.54793025332581 5.18001922758851 5.8201706334034 4.50088351554048 6.02004087586076 3.54604815141609 1
N 4.47834950795383 7.02201825271119 1 9.58823351122071 4.9920613966491 9.35868083543964 5.01669213271722 5.85220768087277 7.96744050058908 3.63654355425564 3.41155976778558 6.9039013127897 4.7745118148817 3.9190329869868 6.32035655055786 11.2486355494257 9.86020228400171 4.36204901276851 6.5025879596122 3.85556531442193 1
D 5.10571356855192 5.5549522498001 9.58823351122071 1 5.67640740318484 9.12733950121075 8.5309517380855 6.28764939818138 6.00560143557192 3.91084797383655 3.63532304779178 7.48100660509759 5.13870649636055 4.03292271311793 6.90878499193053 11.1892592833986 8.35269019878008 3.92420793236164 4.86928660160218 4.1731091950618 1
C 5.08248720570738 4.28042766470903 4.9920613966491 5.67640740318484 1 6.27414649202713 5.63373300312604 4.55308001061598 6.40672057769128 4.90577153908633 4.23963833747653 4.88251377321784 9.81593421578861 5.0559045968922 4.98201224768862 6.17630114287833 6.25686521011505 4.58011187987256 4.89664301740772 5.1853189493071 1
Q 4.85623897726787 11.5576719942963 9.35868083543964 9.12733950121075 6.27414649202713 1 7.80763932408731 4.47433799074306 13.8867354013464 3.96457798263693 3.68156229030895 17.3485991916064 5.65097880478705 4.27924261667149 4.58655364393043 7.7048530879906 8.32804293687693 4.70162915082001 6.19783897646552 4.24507649098112 1
E 4.80989167704488 5.14145696473286 5.01669213271722 8.5309517380855 5.63373300312604 7.80763932408731 1 4.09823765036438 5.25169084685586 3.82784521080608 3.58325939637373 8.16036041466923 4.87615282624373 3.82832383708638 4.12878960575526 5.60505500044777 5.38150443618604 3.54788251933477 3.89497133835099 4.09674857179666 1
G 6.52494314973722 3.53170974906031 5.85220768087277 6.28764939818138 4.55308001061598 4.47433799074306 4.09823765036438 1 4.05693548936223 4.39244544090782 4.21559397077531 3.81432018285681 4.42473199994708 4.04357691682677 8.43975205827391 10.4285644841488 8.25399197404229 3.2950589424114 4.15686566915758 4.99829208730929 1
H 4.45387625610242 10.86679550494 7.96744050058908 6.00560143557192 6.40672057769128 13.8867354013464 5.25169084685586 4.05693548936223 1 4.02561685279406 3.70537366872919 8.90235306956823 6.07841286589468 4.53227925387748 4.22437107104777 6.4310247744945 7.57609528080677 5.5969028582422 7.97467111841998 4.23167581165026 1
I 7.1774124515169 3.38602114595712 3.63654355425564 3.91084797383655 4.90577153908633 3.96457798263693 3.82784521080608 4.39244544090782 4.02561685279406 1 24.7779112714394 3.61339496743032 7.38975756731925 13.3917770134067 4.00838071861388 4.5621011009056 5.27498322583406 4.7016642361886 4.84016521660044 15.9060363877447 1
L 7.39062074313733 3.23457352810497 3.41155976778558 3.63532304779178 4.23963833747653 3.68156229030895 3.58325939637373 4.21559397077531 3.70537366872919 24.7779112714394 1 3.41918176424105 5.78181827825097 9.51916671551295 3.65276216469539 4.23986219686837 4.91307626675394 4.14393507174279 4.38014886448982 16.1919816627589 1
K 4.32344676984019 13.3938784323547 6.9039013127897 7.48100660509759 4.88251377321784 17.3485991916064 8.16036041466923 3.81432018285681 8.90235306956823 3.61339496743032 3.41918176424105 1 4.70351274788762 3.88849352252484 3.86894413245861 5.76407861807342 6.14716546580149 4.28633969381373 5.25427767574641 3.80872482893265 1
M 5.27185548538017 4.2881196669492 4.7745118148817 5.13870649636055 9.81593421578861 5.65097880478705 4.87615282624373 4.42473199994708 6.07841286589468 7.38975756731925 5.78181827825097 4.70351274788762 1 9.68173759285386 5.09205857889664 5.65219015589796 6.2549097541613 7.20752829934114 6.76152347340333 6.48898936150305 1
F 5.34024958206607 3.72469648718885 3.9190329869868 4.03292271311793 5.0559045968922 4.27924261667149 3.82832383708638 4.04357691682677 4.53227925387748 13.3917770134067 9.51916671551295 3.88849352252484 9.68173759285386 1 4.19409686818332 4.53871140005145 5.24366563854706 7.03582337763788 6.41544443392331 7.99058811739869 1
P 4.37520059512414 3.54793025332581 6.32035655055786 6.90878499193053 4.98201224768862 4.58655364393043 4.12878960575526 8.43975205827391 4.22437107104777 4.00838071861388 3.65276216469539 3.86894413245861 5.09205857889664 4.19409686818332 1 8.22049603206369 6.36680962957193 3.92718882806539 4.67489114020123 4.03517189210229 1
S 6.64170654306542 5.18001922758851 11.2486355494257 11.1892592833986 6.17630114287833 7.7048530879906 5.60505500044777 10.4285644841488 6.4310247744945 4.5621011009056 4.23986219686837 5.76407861807342 5.65219015589796 4.53871140005145 8.22049603206369 1 19.4303552177995 4.0930190622986 5.6537733115198 5.14554647692493 1
T 7.93081175461068 5.8201706334034 9.86020228400171 8.35269019878008 6.25686521011505 8.32804293687693 5.38150443618604 8.25399197404229 7.57609528080677 5.27498322583406 4.91307626675394 6.14716546580149 6.2549097541613 5.24366563854706 6.36680962957193 19.4303552177995 1 4.53951237442183 6.7550889100448 6.14114986005757 1
W 3.52375269169891 4.50088351554048 4.36204901276851 3.92420793236164 4.58011187987256 4.70162915082001 3.54788251933477 3.2950589424114 5.5969028582422 4.7016642361886 4.14393507174279 4.28633969381373 7.20752829934114 7.03582337763788 3.92718882806539 4.0930190622986 4.53951237442183 1 10.5720519280823 4.05850296972006 1
Y 4.25184067308216 6.02004087586076 6.5025879596122 4.86928660160218 4.89664301740772 6.19783897646552 3.89497133835099 4.15686566915758 7.97467111841998 4.84016521660044 4.38014886448982 5.25427767574641 6.76152347340333 6.41544443392331 4.67489114020123 5.6537733115198 6.7550889100448 10.5720519280823 1 4.55454317012572 1
V 11.7316361037952 3.54604815141609 3.85556531442193 4.1731091950618 5.1853189493071 4.24507649098112 4.09674857179666 4.99829208730929 4.23167581165026 15.9060363877447 16.1919816627589 3.80872482893265 6.48898936150305 7.99058811739869 4.03517189210229 5.14554647692493 6.14114986005757 4.05850296972006 4.55454317012572 1 1
* 0 0 0 0 0 0 0 0 0 0 0 0 0 0 0 0 0 0 0 0 1
