A R N D C Q E G H I L K M F P S T W Y V *
A 1 0.113849715890283 0.100358501567864 0.189190318599899 0.130703378718044 0.24423625742311 0.316145573839877 0.239057839268208 0.19341707966282 0.209502545679771 0.393555740163805 0.216895615606041 0.259300447725313 0.295543939331614 0.126480560754636 0.441845473173962 0.354548407686977 0.166935675591694 0.0736633072355855 0.350690158715236 1
R 0.113849715890283 1 0.0546207731993528 0.0564621765665273 0.00951810003502118 0.11971312427929 0.0556367632824525 0.0229548599019891 0.0152288241235343 0.087781223357259 0.0851418822743821 0.0628534123283736 0.0316284939276189 0.206718725514177 0 0.136326895418776 0.144501212725521 0.00379759019382775 0.0114679391314114 0.14657926307674 1
N 0.100358501567864 0.0546207731993528 1 0.187707381362918 0.0921641200499287 0.277097495505349 0.120155929568427 0.126172735858281 0.124784868837375 0.263768787062962 0.198485180246613 0.160507919009512 0.0712247523328937 0.371687258565541 0.0546486424870527 0.338174696545394 0.219624652368572 0.0635118509932021 0.0275024037412063 0.128966488224381 1
D 0.189190318599899 0.0564621765665273 0.187707381362918 1 0.0277061206110566 0.0392598036282524 0.181332568891851 0.0330117422055376 0.0198774851307397 0.170571705880562 0.0765574453884805 0.0612280710225237 0.127298133057622 0.135639597349158 0.0432972246857137 0.244723541448899 0.140626950176192 0.0573321954250032 0.101768106894473 0.181949700878717 1
C 0.130703378718044 0.00951810003502118 0.0921641200499287 0.0277061206110566 1 0.117397050542747 0.0656165911287578 0.00984154317733887 0.0141776572584895 0.0955709133047803 0.0830145155351429 0.0233083059710817 0.0421244686308739 0.13339541559179 0.00323000186839228 0.182704593947795 0.0832551885840722 0.0244706725045566 0.0274321423376788 0.175523678722189 1
Q 0.24423625742311 0.11971312427929 0.277097495505349 0.0392598036282524 0.117397050542747 1 0.364446429572123 0.118626359688123 0.0603349520182151 0.239571169359684 0.102910084267544 0.223090083810388 0.262131952774983 0.333891124545601 0.122012162675186 0.310112917852094 0.339158170434947 0.102165301606943 0.182021044111746 0.245550878698564 1
E 0.316145573839877 0.0556367632824525 0.120155929568427 0.181332568891851 0.0656165911287578 0.364446429572123 1 0.0537971010393757 0.0922881658444368 0.154872589403055 0.15515717955523 0.0729771022600365 0.00786065971613059 0.262823213754306 0.0521010011423474 0.14198631621404 0.142306969179831 0.0635725005715368 0.078321582950019 0.214137695909857 1
G 0.239057839268208 0.0229548599019891 0.126172735858281 0.0330117422055376 0.00984154317733887 0.118626359688123 0.0537971010393757 1 0.00691849676751255 0.129188776426541 0.0389777226675619 0.0361187396320304 0.0285295119029935 0.180049551543445 0.0130544357439106 0.172266117258563 0.0801954229164271 0.0205625215610643 0.059425099562317 0.156026860723931 1
H 0.19341707966282 0.0152288241235343 0.124784868837375 0.0198774851307397 0.0141776572584895 0.0603349520182151 0.0922881658444368 0.00691849676751255 1 0.105232259737838 0.0339338142143275 0.0691367711215911 0.0566641005561164 0.213018330304281 0.0145141672512368 0.154601218925575 0.131862155053835 0.0108999475813583 0.0536770851931845 0.160902497212849 1
I 0.209502545679771 0.087781223357259 0.263768787062962 0.170571705880562 0.0955709133047803 0.239571169359684 0.154872589403055 0.129188776426541 0.105232259737838 1 0.213143712176511 0.185995987900913 0.174740828346373 0.371452874897591 0.119795998398466 0.179716320674789 0.250835996828832 0.132531584074174 0.100426865969256 0.643261424390272 1
L 0.393555740163805 0.0851418822743821 0.198485180246613 0.0765574453884805 0.0830145155351429 0.102910084267544 0.15515717955523 0.0389777226675619 0.0339338142143275 0.213143712176511 1 0.166294060125776 0.0952356170814781 0.449116954827895 0.0797226431252404 0.316108880733661 0.130416229112644 0.059198054142362 0.126118165792795 0.2218567160343 1
K 0.216895615606041 0.0628534123283736 0.160507919009512 0.0612280710225237 0.0233083059710817 0.223090083810388 0.0729771022600365 0.0361187396320304 0.0691367711215911 0.185995987900913 0.166294060125776 1 0.0635287911168316 0.0555438245752525 0.0389743419673739 0.219105943040109 0.08606653743641 0.0829111624545268 0.0936632906101468 0.189340604793291 1
M 0.259300447725313 0.0316284939276189 0.0712247523328937 0.127298133057622 0.0421244686308739 0.262131952774983 0.00786065971613059 0.0285295119029935 0.0566641005561164 0.174740828346373 0.0952356170814781 0.0635287911168316 1 0.257906720509276 0.0241330144391989 0.173447939798654 0.111691484347312 0.0298758718788543 0.0496531524696112 0.136169942385948 1
F 0.295543939331614 0.206718725514177 0.371687258565541 0.135639597349158 0.13339541559179 0.333891124545601 0.262823213754306 0.180049551543445 0.213018330304281 0.371452874897591 0.449116954827895 0.0555438245752525 0.257906720509276 1 0.166627594454166 0.319669146251067 0.285307886303476 0.245247510180926 0.271409700261717 0.306488703196338 1
P 0.126480560754636 0 0.0546486424870527 0.0432972246857137 0.00323000186839228 0.122012162675186 0.0521010011423474 0.0130544357439106 0.0145141672512368 0.119795998398466 0.0797226431252404 0.0389743419673739 0.0241330144391989 0.166627594454166 1 0.158306998931206 0.115233657756177 0.00577103691857206 0.0179423428161005 0.118116249297456 1
S 0.441845473173962 0.136326895418776 0.338174696545394 0.244723541448899 0.182704593947795 0.310112917852094 0.14198631621404 0.172266117258563 0.154601218925575 0.179716320674789 0.316108880733661 0.219105943040109 0.173447939798654 0.319669146251067 0.158306998931206 1 0.617999409409811 0.129086368899051 0.240002381508619 0.305269557715075 1
T 0.354548407686977 0.144501212725521 0.219624652368572 0.140626950176192 0.0832551885840722 0.339158170434947 0.142306969179831 0.0801954229164271 0.131862155053835 0.250835996828832 0.130416229112644 0.08606653743641 0.111691484347312 0.285307886303476 0.115233657756177 0.617999409409811 1 0.17203244932614 0.130506197988223 0.402660192127072 1
W 0.166935675591694 0.00379759019382775 0.0635118509932021 0.0573321954250032 0.0244706725045566 0.102165301606943 0.0635725005715368 0.0205625215610643 0.0108999475813583 0.132531584074174 0.059198054142362 0.0829111624545268 0.0298758718788543 0.245247510180926 0.00577103691857206 0.129086368899051 0.17203244932614 1 0.0332475809457676 0.101698340087048 1
Y 0.0736633072355855 0.0114679391314114 0.0275024037412063 0.101768106894473 0.0274321423376788 0.182021044111746 0.078321582950019 0.059425099562317 0.0536770851931845 0.100426865969256 0.126118165792795 0.0936632906101468 0.0496531524696112 0.271409700261717 0.0179423428161005 0.240002381508619 0.130506197988223 0.0332475809457676 1 0.203324285464658 1
V 0.350690158715236 0.14657926307674 0.128966488224381 0.181949700878717 0.175523678722189 0.245550878698564 0.214137695909857 0.156026860723931 0.160902497212849 0.643261424390272 0.2218567160343 0.189340604793291 0.136169942385948 0.306488703196338 0.118116249297456 0.305269557715075 0.402660192127072 0.101698340087048 0.203324285464658 1 1
* 0 0 0 0 0 0 0 0 0 0 0 0 0 0 0 0 0 0 0 0 1
