A R N D C Q E G H I L K M F P S T W Y V *
A 1 0.255500327185696 0.461952002307112 0.536904591330227 0.214468413431136 0.553072869668936 0.604346298736673 0.340961562042498 0.457898778359959 0.547568305905418 0.686455275288466 0.468676569541885 0.579722556935405 0.477331868085617 0.129595773329824 0.55749191755218 0.504983170329619 0.258323186014674 0.277624083507974 0.537225921299496 1
R 0.255500327185696 1 0.438111753492943 0.325206403897281 0.127255669529828 0.593843509320498 0.296766848198907 0.0858218722846313 0.514439427200735 0.396536558814652 0.295363543076464 0.710558595714184 0.290259866729343 0.350618090562376 0.0714380877387388 0.478398322492269 0.557591064551628 0.238795138767257 0.48739152410564 0.420974587935702 1
N 0.461952002307112 0.438111753492943 1 0.733932601766686 0.322260134935477 0.662741438446781 0.466901277918198 0.505434016840705 0.730792775584437 0.430067426198343 0.380895317785336 0.570296822967588 0.493902657633405 0.523504667659435 0.183546178153221 0.706491319862219 0.596191251857802 0.477606004903871 0.57542441120162 0.393048707211385 1
D 0.536904591330227 0.325206403897281 0.733932601766686 1 0.298433463708345 0.687446903728148 0.668151570228219 0.363693267982618 0.674083289969542 0.368053385505822 0.39290772871163 0.517558676088969 0.567050562028218 0.474338621469534 0.246739875470586 0.59148374802841 0.486965329487777 0.43403334443484 0.406296330444974 0.319337523547493 1
C 0.214468413431136 0.127255669529828 0.322260134935477 0.298433463708345 1 0.337668844809013 0.155572211943173 0.0423014784735376 0.413923305179148 0.274846210968249 0.125930507355863 0.113897766325258 0.398493561657559 0.249853579511135 0 0.38438223638418 0.406042395161377 0.168593567369488 0.200530415368822 0.319663230441843 1
Q 0.553072869668936 0.593843509320498 0.662741438446781 0.687446903728148 0.337668844809013 1 0.651845686573331 0.243786327335869 0.777830566524873 0.527869923097083 0.498024425913319 0.732264727442859 0.620151359728309 0.54955035424747 0.246816693487341 0.656083344407125 0.65568570516307 0.430186997645914 0.512049357039729 0.507132625079575 1
E 0.604346298736673 0.296766848198907 0.466901277918198 0.668151570228219 0.155572211943173 0.651845686573331 1 0.141838819761104 0.525328912189589 0.340499558338756 0.456731793910482 0.529663928707433 0.574915541995642 0.394483400128863 0.151160725809729 0.42249461873113 0.371071081993346 0.303847665426581 0.244221999388894 0.296164851931273 1
G 0.340961562042498 0.0858218722846313 0.505434016840705 0.363693267982618 0.0423014784735376 0.243786327335869 0.141838819761104 1 0.283506901151817 0.27292466611561 0.265597593619438 0.236165274087998 0.185199770856497 0.303102943798358 0.000872469756410865 0.480112641948318 0.34844973574457 0.199043173821682 0.313582183886743 0.246581029605612 1
H 0.457898778359959 0.514439427200735 0.730792775584437 0.674083289969542 0.413923305179148 0.777830566524873 0.525328912189589 0.283506901151817 1 0.522172922183114 0.445469112335476 0.599292520007573 0.668840637526212 0.637233036276704 0.188983936858446 0.609416801438305 0.597779687859266 0.596454796365145 0.630700029541608 0.461138553969908 1
I 0.547568305905418 0.396536558814652 0.430067426198343 0.368053385505822 0.274846210968249 0.527869923097083 0.340499558338756 0.27292466611561 0.522172922183114 1 0.736948524047001 0.462443952178124 0.576352252803343 0.714486164008225 0.20928424358244 0.549191189769851 0.623350464939447 0.420118190215735 0.54745993673883 0.806177460791238 1
L 0.686455275288466 0.295363543076464 0.380895317785336 0.39290772871163 0.125930507355863 0.498024425913319 0.456731793910482 0.265597593619438 0.445469112335476 0.736948524047001 1 0.465010005587736 0.58473125135471 0.646117322984357 0.154191805321055 0.459061182668663 0.474700802141136 0.373993149522077 0.40438845315378 0.626838078993581 1
K 0.468676569541885 0.710558595714184 0.570296822967588 0.517558676088969 0.113897766325258 0.732264727442859 0.529663928707433 0.236165274087998 0.599292520007573 0.462443952178124 0.465010005587736 1 0.426597091951373 0.45730728633302 0.12781376021886 0.565283293357046 0.569464924624824 0.332607870330428 0.492327369902858 0.447864341853013 1
M 0.579722556935405 0.290259866729343 0.493902657633405 0.567050562028218 0.398493561657559 0.620151359728309 0.574915541995642 0.185199770856497 0.668840637526212 0.576352252803343 0.58473125135471 0.426597091951373 1 0.666555168389631 0.139355972437652 0.461744003538451 0.461260510573316 0.544611268212182 0.431346678705956 0.483698055399968 1
F 0.477331868085617 0.350618090562376 0.523504667659435 0.474338621469534 0.249853579511135 0.54955035424747 0.394483400128863 0.303102943798358 0.637233036276704 0.714486164008225 0.646117322984357 0.45730728633302 0.666555168389631 1 0.220220392818756 0.483110453365146 0.498717988390401 0.698005810762318 0.678288170253954 0.541650488018928 1
P 0.129595773329824 0.0714380877387388 0.183546178153221 0.246739875470586 0 0.246816693487341 0.151160725809729 0.000872469756410865 0.188983936858446 0.20928424358244 0.154191805321055 0.12781376021886 0.139355972437652 0.220220392818756 1 0.249640402973567 0.259874127711014 0.110189193481504 0.185870922651011 0.162661746503849 1
S 0.55749191755218 0.478398322492269 0.706491319862219 0.59148374802841 0.38438223638418 0.656083344407125 0.42249461873113 0.480112641948318 0.609416801438305 0.549191189769851 0.459061182668663 0.565283293357046 0.461744003538451 0.483110453365146 0.249640402973567 1 0.831928915090514 0.306288450760829 0.492983038510792 0.595686839883259 1
T 0.504983170329619 0.557591064551628 0.596191251857802 0.486965329487777 0.406042395161377 0.65568570516307 0.371071081993346 0.34844973574457 0.597779687859266 0.623350464939447 0.474700802141136 0.569464924624824 0.461260510573316 0.498717988390401 0.259874127711014 0.831928915090514 1 0.294202008582187 0.51855488002623 0.70278360832085 1
W 0.258323186014674 0.238795138767257 0.477606004903871 0.43403334443484 0.168593567369488 0.430186997645914 0.303847665426581 0.199043173821682 0.596454796365145 0.420118190215735 0.373993149522077 0.332607870330428 0.544611268212182 0.698005810762318 0.110189193481504 0.306288450760829 0.294202008582187 1 0.632623675579751 0.263255371853554 1
Y 0.277624083507974 0.48739152410564 0.57542441120162 0.406296330444974 0.200530415368822 0.512049357039729 0.244221999388894 0.313582183886743 0.630700029541608 0.54745993673883 0.40438845315378 0.492327369902858 0.431346678705956 0.678288170253954 0.185870922651011 0.492983038510792 0.51855488002623 0.632623675579751 1 0.441599596215652 1
V 0.537225921299496 0.420974587935702 0.393048707211385 0.319337523547493 0.319663230441843 0.507132625079575 0.296164851931273 0.246581029605612 0.461138553969908 0.806177460791238 0.626838078993581 0.447864341853013 0.483698055399968 0.541650488018928 0.162661746503849 0.595686839883259 0.70278360832085 0.263255371853554 0.441599596215652 1 1
* 0 0 0 0 0 0 0 0 0 0 0 0 0 0 0 0 0 0 0 0 1
