A R N D C Q E G H I L K M F P S T W Y V *
A 1 0.205905022875911 0.578991307698755 0.499635640446169 0.391911167522515 0.531371200035912 0.569300455440905 0.534186466422494 0.536616407010212 0.420856241705047 0.636816865863176 0.426386834578269 0.724468675260606 0.601253211635856 0.478056625991601 0.572963297096159 0.337134899460707 0.494715468972505 0.293531828528453 0.36012957446658 1
R 0.205905022875911 1 0.353681630093514 0.0843044631802142 0.147110600355933 0.578723983210363 0.144566651639883 0.056418007849574 0.457803833705382 0.429952602004145 0.245805945598966 0.635998298014688 0.255964001997839 0.405039595203206 0 0.390625342904811 0.44728515850985 0.224693697596813 0.520224936841974 0.537461933523515 1
N 0.578991307698755 0.353681630093514 1 0.627642778334053 0.437859284948475 0.664764786802706 0.597873429241392 0.394051522017855 0.788203034543983 0.408418810897585 0.466732970440958 0.490226816192656 0.558710425615018 0.573527169972535 0.459640135366213 0.702446424754868 0.454723533628285 0.39108359668452 0.390550206056973 0.384704741438393 1
D 0.499635640446169 0.0843044631802142 0.627642778334053 1 0.376421304501904 0.431149873852882 0.713593645570279 0.288061378395463 0.539555676528134 0.217902362052503 0.334910863869911 0.20492851975856 0.44857429777551 0.432397507215764 0.541858823078192 0.485736798233177 0.252846577313571 0.355865914899781 0.174504111649508 0.17117091240368 1
C 0.391911167522515 0.147110600355933 0.437859284948475 0.376421304501904 1 0.425231489464527 0.414142851158683 0.154236083171926 0.342420747046962 0.194416712830925 0.305866044280089 0.292660273367103 0.490852168605812 0.295706768028776 0.248105018538612 0.378465550907767 0.165814504935532 0.277160759028779 0.124585411097235 0.197828665488619 1
Q 0.531371200035912 0.578723983210363 0.664764786802706 0.431149873852882 0.425231489464527 1 0.511418365659623 0.2697515789117 0.731857749861934 0.612817700158395 0.535619662115709 0.735257082237666 0.601097774788216 0.68455081514303 0.315469089741378 0.631571368707138 0.541864209391083 0.499444764705176 0.592160717469159 0.628697867506308 1
E 0.569300455440905 0.144566651639883 0.597873429241392 0.713593645570279 0.414142851158683 0.511418365659623 1 0.229328810476272 0.553027466128509 0.344628810692178 0.51545674461692 0.323489432173886 0.590441961486571 0.513228951179305 0.446769403891907 0.413921883602862 0.215173000850503 0.423518157424113 0.244365110711759 0.269276165324984 1
G 0.534186466422494 0.056418007849574 0.394051522017855 0.288061378395463 0.154236083171926 0.2697515789117 0.229328810476272 1 0.314630937726653 0.167918482828077 0.303605957459876 0.221653963092164 0.3844844865186 0.344909644513819 0.398643602567329 0.421409248854773 0.164126102547183 0.273403194789355 0.127261566573451 0.123642028225783 1
H 0.536616407010212 0.457803833705382 0.788203034543983 0.539555676528134 0.342420747046962 0.731857749861934 0.553027466128509 0.314630937726653 1 0.47960068575411 0.469045350019609 0.54763275321559 0.55889008787342 0.656336100797752 0.390052659531679 0.668782039428558 0.524086621455195 0.445967547313459 0.487811787302287 0.456958792149225 1
I 0.420856241705047 0.429952602004145 0.408418810897585 0.217902362052503 0.194416712830925 0.612817700158395 0.344628810692178 0.167918482828077 0.47960068575411 1 0.646425514885134 0.64717070013537 0.472361610959299 0.71294987466249 0.143199827616377 0.403791110643788 0.441713083125574 0.530898249847704 0.745064783244129 0.815466561397677 1
L 0.636816865863176 0.245805945598966 0.466732970440958 0.334910863869911 0.305866044280089 0.535619662115709 0.51545674461692 0.303605957459876 0.469045350019609 0.646425514885134 1 0.52796350326454 0.666659853457913 0.676671592019542 0.273195087934765 0.392962939704545 0.277380435381068 0.537493860029 0.447855541413977 0.519305613640495 1
K 0.426386834578269 0.635998298014688 0.490226816192656 0.20492851975856 0.292660273367103 0.735257082237666 0.323489432173886 0.221653963092164 0.54763275321559 0.64717070013537 0.52796350326454 1 0.508096514804608 0.585732735202354 0.137626702094555 0.473211910738811 0.441750971754888 0.411293853510674 0.627345899233291 0.668870074876256 1
M 0.724468675260606 0.255964001997839 0.558710425615018 0.44857429777551 0.490852168605812 0.601097774788216 0.590441961486571 0.3844844865186 0.55889008787342 0.472361610959299 0.666659853457913 0.508096514804608 1 0.632510561062624 0.391054425986963 0.476779299949278 0.279721981202878 0.578383468080414 0.354443676860337 0.389972134847164 1
F 0.601253211635856 0.405039595203206 0.573527169972535 0.432397507215764 0.295706768028776 0.68455081514303 0.513228951179305 0.344909644513819 0.656336100797752 0.71294987466249 0.676671592019542 0.585732735202354 0.632510561062624 1 0.341166484125173 0.552673282961964 0.485781770056203 0.695967145712797 0.643009691876591 0.622922339384878 1
P 0.478056625991601 0 0.459640135366213 0.541858823078192 0.248105018538612 0.315469089741378 0.446769403891907 0.398643602567329 0.390052659531679 0.143199827616377 0.273195087934765 0.137626702094555 0.391054425986963 0.341166484125173 1 0.413648012349481 0.168166775187711 0.271147027448457 0.0838892835530245 0.0897402322903273 1
S 0.572963297096159 0.390625342904811 0.702446424754868 0.485736798233177 0.378465550907767 0.631571368707138 0.413921883602862 0.421409248854773 0.668782039428558 0.403791110643788 0.392962939704545 0.473211910738811 0.476779299949278 0.552673282961964 0.413648012349481 1 0.664960942338906 0.392519584691624 0.401882118623184 0.43666804519277 1
T 0.337134899460707 0.44728515850985 0.454723533628285 0.252846577313571 0.165814504935532 0.541864209391083 0.215173000850503 0.164126102547183 0.524086621455195 0.441713083125574 0.277380435381068 0.441750971754888 0.279721981202878 0.485781770056203 0.168166775187711 0.664960942338906 1 0.332510989273442 0.501540201315572 0.528537832202645 1
W 0.494715468972505 0.224693697596813 0.39108359668452 0.355865914899781 0.277160759028779 0.499444764705176 0.423518157424113 0.273403194789355 0.445967547313459 0.530898249847704 0.537493860029 0.411293853510674 0.578383468080414 0.695967145712797 0.271147027448457 0.392519584691624 0.332510989273442 1 0.501869173710435 0.438503403804116 1
Y 0.293531828528453 0.520224936841974 0.390550206056973 0.174504111649508 0.124585411097235 0.592160717469159 0.244365110711759 0.127261566573451 0.487811787302287 0.745064783244129 0.447855541413977 0.627345899233291 0.354443676860337 0.643009691876591 0.0838892835530245 0.401882118623184 0.501540201315572 0.501869173710435 1 0.737293454080497 1
V 0.36012957446658 0.537461933523515 0.384704741438393 0.17117091240368 0.197828665488619 0.628697867506308 0.269276165324984 0.123642028225783 0.456958792149225 0.815466561397677 0.519305613640495 0.668870074876256 0.389972134847164 0.622922339384878 0.0897402322903273 0.43666804519277 0.528537832202645 0.438503403804116 0.737293454080497 1 1
* 0 0 0 0 0 0 0 0 0 0 0 0 0 0 0 0 0 0 0 0 1
