A R N D C Q E G H I L K M F P S T W Y V *
A 1 0.20997181205546 0.375864221048667 0.367856770083882 0.276992578482655 0.446377019291319 0.499182209306795 0.516971557965051 0.378774143114156 0.703412323831293 0.713962082471309 0.436800113107821 0.621022648763718 0.587909774684784 0.144483108042516 0.526939074851877 0.477490360895172 0.286478571919289 0.345504969767919 0.749505160052496 1
R 0.20997181205546 1 0.466655255625835 0.320941562271879 0.234185385880506 0.647326747092166 0.299144072947462 0.250371768618194 0.630359514361193 0.203390071741292 0.0924072586871384 0.714011219211808 0.405200196417443 0.327716246300233 0 0.411888620887443 0.423160712225795 0.247772572908815 0.46536775235735 0.24049543711593 1
N 0.375864221048667 0.466655255625835 1 0.705853037569977 0.654665126604206 0.721640841768066 0.494240574578465 0.609419810399223 0.77602121676204 0.37659384142118 0.245989491424224 0.575590284936861 0.575114286823488 0.516748546735259 0.32152720616269 0.748487980442951 0.599540132338255 0.518630511214983 0.651600830665761 0.390201537099384 1
D 0.367856770083882 0.320941562271879 0.705853037569977 1 0.5900069263777 0.599455322394064 0.688254418309006 0.495859993177615 0.579541755514613 0.345108888162008 0.24213387289062 0.427946101067858 0.544303023346411 0.466871190535449 0.368107161036894 0.556695339970935 0.390212767158813 0.575231157714534 0.478207305010236 0.331261030794528 1
C 0.276992578482655 0.234185385880506 0.654665126604206 0.5900069263777 1 0.479548660724569 0.406152717304644 0.413278857951188 0.503084384615766 0.275843367900757 0.163907260844392 0.316799327095043 0.404625411230598 0.348667255078858 0.268783908874342 0.610514730206732 0.504414923927013 0.357180767894688 0.408386994971488 0.311139414816569 1
Q 0.446377019291319 0.647326747092166 0.721640841768066 0.599455322394064 0.479548660724569 1 0.553870392293778 0.502167226944583 0.856421248725072 0.420885712620808 0.294129869347881 0.781272009031913 0.693757932370743 0.546839355354158 0.260632330461152 0.660777938756386 0.602432753057365 0.467477027795738 0.612069432269013 0.43967846204603 1
E 0.499182209306795 0.299144072947462 0.494240574578465 0.688254418309006 0.406152717304644 0.553870392293778 1 0.378352975131765 0.466929109180069 0.422195213812777 0.370307676486403 0.435295088398197 0.600264722116973 0.477414783142945 0.241798021911528 0.445383872146907 0.321643225534566 0.477730075994713 0.350892646452331 0.409356927692457 1
G 0.516971557965051 0.250371768618194 0.609419810399223 0.495859993177615 0.413278857951188 0.502167226944583 0.378352975131765 1 0.524435070790101 0.488241186542773 0.385788172635685 0.45938831983451 0.561186498015106 0.554004035369438 0.252861260057981 0.665173481746522 0.524476854361866 0.42311558528147 0.539164547004731 0.48525984796677 1
H 0.378774143114156 0.630359514361193 0.77602121676204 0.579541755514613 0.503084384615766 0.856421248725072 0.466929109180069 0.524435070790101 1 0.390440594993982 0.252203659351919 0.734562526308917 0.647443168176328 0.549793688367151 0.255902249081314 0.668061092797442 0.603737583350707 0.502922498490714 0.69800542062284 0.400288124833695 1
I 0.703412323831293 0.203390071741292 0.37659384142118 0.345108888162008 0.275843367900757 0.420885712620808 0.422195213812777 0.488241186542773 0.390440594993982 1 0.816432782464538 0.393404883028971 0.601900079173408 0.771011359511962 0.253149790799137 0.511812802382618 0.494865847342813 0.418072859609091 0.483661453690345 0.849751827078209 1
L 0.713962082471309 0.0924072586871384 0.245989491424224 0.24213387289062 0.163907260844392 0.294129869347881 0.370307676486403 0.385788172635685 0.252203659351919 0.816432782464538 1 0.291280893117246 0.491608338263014 0.623304628112235 0.114523621383082 0.389458225739329 0.367936925827232 0.294523526400579 0.327704644761822 0.778632167854419 1
K 0.436800113107821 0.714011219211808 0.575590284936861 0.427946101067858 0.316799327095043 0.781272009031913 0.435295088398197 0.45938831983451 0.734562526308917 0.393404883028971 0.291280893117246 1 0.634489023736586 0.497153684394776 0.0844065540922347 0.562867168591773 0.547358347205439 0.361776048233885 0.553896895685698 0.421716676335816 1
M 0.621022648763718 0.405200196417443 0.575114286823488 0.544303023346411 0.404625411230598 0.693757932370743 0.600264722116973 0.561186498015106 0.647443168176328 0.601900079173408 0.491608338263014 0.634489023736586 1 0.685158938704955 0.254829792802158 0.586405705220923 0.518350170446559 0.54075991638147 0.55664342177733 0.572041636146682 1
F 0.587909774684784 0.327716246300233 0.516748546735259 0.466871190535449 0.348667255078858 0.546839355354158 0.477414783142945 0.554004035369438 0.549793688367151 0.771011359511962 0.623304628112235 0.497153684394776 0.685158938704955 1 0.334148963035643 0.575980957901675 0.523760189627343 0.59685418229789 0.676355757547897 0.688613760117292 1
P 0.144483108042516 0 0.32152720616269 0.368107161036894 0.268783908874342 0.260632330461152 0.241798021911528 0.252861260057981 0.255902249081314 0.253149790799137 0.114523621383082 0.0844065540922347 0.254829792802158 0.334148963035643 1 0.314110639573566 0.251876081133968 0.3467658551622 0.323253775638032 0.202987089229996 1
S 0.526939074851877 0.411888620887443 0.748487980442951 0.556695339970935 0.610514730206732 0.660777938756386 0.445383872146907 0.665173481746522 0.668061092797442 0.511812802382618 0.389458225739329 0.562867168591773 0.586405705220923 0.575980957901675 0.314110639573566 1 0.800352449558913 0.393812423254815 0.606512960602816 0.568114837669341 1
T 0.477490360895172 0.423160712225795 0.599540132338255 0.390212767158813 0.504414923927013 0.602432753057365 0.321643225534566 0.524476854361866 0.603737583350707 0.494865847342813 0.367936925827232 0.547358347205439 0.518350170446559 0.523760189627343 0.251876081133968 0.800352449558913 1 0.283366282296303 0.561328864951264 0.57444737310265 1
W 0.286478571919289 0.247772572908815 0.518630511214983 0.575231157714534 0.357180767894688 0.467477027795738 0.477730075994713 0.42311558528147 0.502922498490714 0.418072859609091 0.294523526400579 0.361776048233885 0.54075991638147 0.59685418229789 0.3467658551622 0.393812423254815 0.283366282296303 1 0.605773689994066 0.327520640538219 1
Y 0.345504969767919 0.46536775235735 0.651600830665761 0.478207305010236 0.408386994971488 0.612069432269013 0.350892646452331 0.539164547004731 0.69800542062284 0.483661453690345 0.327704644761822 0.553896895685698 0.55664342177733 0.676355757547897 0.323253775638032 0.606512960602816 0.561328864951264 0.605773689994066 1 0.45191565887436 1
V 0.749505160052496 0.24049543711593 0.390201537099384 0.331261030794528 0.311139414816569 0.43967846204603 0.409356927692457 0.48525984796677 0.400288124833695 0.849751827078209 0.778632167854419 0.421716676335816 0.572041636146682 0.688613760117292 0.202987089229996 0.568114837669341 0.57444737310265 0.327520640538219 0.45191565887436 1 1
* 0 0 0 0 0 0 0 0 0 0 0 0 0 0 0 0 0 0 0 0 1
