A R N D C Q E G H I L K M F P S T W Y V *
A 1 0.306165963179077 0.509838741986988 0.485049197096597 0.282730462674691 0.379485219505266 0.453217468079927 0.73973446325281 0.347611821935682 0.528794840568276 0.610039501775596 0.376202192029453 0.336986072203984 0.35979904177708 0.485266038450295 0.733847086781387 0.655001564122982 0.146601229538569 0.39482773849954 0.646507378853275 1
R 0.306165963179077 1 0.646379362510388 0.504796940679099 0.0625713289715141 0.733057524571161 0.668639065728159 0.287899435263787 0.601979231188054 0.318158964098942 0.288066264118939 0.607829412224849 0.316586119311594 0.256032505305489 0.527769961865875 0.476688706940639 0.46244339070603 0.230468887388343 0.528151314703023 0.26140766550822 1
N 0.509838741986988 0.646379362510388 1 0.603381987590495 0.151198590039067 0.814842251518597 0.727748520053576 0.509912715489374 0.632344938449424 0.409311229507923 0.370485691439262 0.576157187769428 0.387286001020597 0.282289687963693 0.755710094357354 0.725451632163174 0.600010891359684 0.191243515793229 0.526332962158813 0.370721117881871 1
D 0.485049197096597 0.504796940679099 0.603381987590495 1 0.347441090931897 0.611134296842966 0.775532338431617 0.427185261459211 0.494567677500302 0.427399692743542 0.397071802806433 0.583047851038845 0.418069142899986 0.350397945771174 0.512265773571637 0.58560285386133 0.764645269219953 0.279253167566594 0.495728775146008 0.449323864288207 1
C 0.282730462674691 0.0625713289715141 0.151198590039067 0.347441090931897 1 0.13816806119875 0.201171318849372 0.129991349811095 0.269611595232565 0.533264714588925 0.438399612900386 0.0653087799444669 0.549260126704247 0.579015069344155 0.140351771091856 0.191538300206845 0.438919797356285 0.480565129441329 0.358930803054072 0.540311241614674 1
Q 0.379485219505266 0.733057524571161 0.814842251518597 0.611134296842966 0.13816806119875 1 0.764379416557337 0.377888173211491 0.657488876158841 0.359309148201373 0.300781272655648 0.607309895314627 0.383229454510178 0.269156355672464 0.684598215450253 0.587460435475087 0.549240858118494 0.22908494129225 0.536125962773646 0.297390187811102 1
E 0.453217468079927 0.668639065728159 0.727748520053576 0.775532338431617 0.201171318849372 0.764379416557337 1 0.428969218905284 0.545209714971552 0.378805854883844 0.358759079685608 0.716428193470277 0.36100931516134 0.291653025952031 0.583213314950352 0.627299707931164 0.675641228461975 0.226436170393849 0.518600044936702 0.373518649970648 1
G 0.73973446325281 0.287899435263787 0.509912715489374 0.427185261459211 0.129991349811095 0.377888173211491 0.428969218905284 1 0.294067351496052 0.344825266234553 0.415159995107686 0.360463034897409 0.1952385707144 0.187329333928526 0.530713711363563 0.727516896236188 0.536547446190635 0 0.279058938255091 0.435133628711226 1
H 0.347611821935682 0.601979231188054 0.632344938449424 0.494567677500302 0.269611595232565 0.657488876158841 0.545209714971552 0.294067351496052 1 0.498991573296034 0.385644612215285 0.377580723000286 0.607628981784939 0.456366710399917 0.601644470993902 0.453939129209329 0.49137217670812 0.442254730471289 0.668997451548924 0.378762971783557 1
I 0.528794840568276 0.318158964098942 0.409311229507923 0.427399692743542 0.533264714588925 0.359309148201373 0.378805854883844 0.344825266234553 0.498991573296034 1 0.783286485470789 0.265078292981371 0.713048932358074 0.77580423241658 0.379031025885961 0.434781171050274 0.57386667481811 0.554150132825902 0.661885380450367 0.778110503468074 1
L 0.610039501775596 0.288066264118939 0.370485691439262 0.397071802806433 0.438399612900386 0.300781272655648 0.358759079685608 0.415159995107686 0.385644612215285 0.783286485470789 1 0.286737721843417 0.526652688084141 0.661820149799254 0.344242993503977 0.45756119238935 0.568487684403331 0.419929549179946 0.577275687594882 0.835051838703236 1
K 0.376202192029453 0.607829412224849 0.576157187769428 0.583047851038845 0.0653087799444669 0.607309895314627 0.716428193470277 0.360463034897409 0.377580723000286 0.265078292981371 0.286737721843417 1 0.202707084270414 0.17398506738567 0.444960800387126 0.531742986815266 0.543011806925881 0.100789833472892 0.397078643074035 0.279850642933298 1
M 0.336986072203984 0.316586119311594 0.387286001020597 0.418069142899986 0.549260126704247 0.383229454510178 0.36100931516134 0.1952385707144 0.607628981784939 0.713048932358074 0.526652688084141 0.202707084270414 1 0.737370217004446 0.363904240772868 0.317141690792321 0.482428634298042 0.700883562632307 0.681630649915796 0.54468069566415 1
F 0.35979904177708 0.256032505305489 0.282289687963693 0.350397945771174 0.579015069344155 0.269156355672464 0.291653025952031 0.187329333928526 0.456366710399917 0.77580423241658 0.661820149799254 0.17398506738567 0.737370217004446 1 0.260690603766697 0.274998667318869 0.466519588519753 0.724731794878518 0.641809430806973 0.655994579947133 1
P 0.485266038450295 0.527769961865875 0.755710094357354 0.512265773571637 0.140351771091856 0.684598215450253 0.583213314950352 0.530713711363563 0.601644470993902 0.379031025885961 0.344242993503977 0.444960800387126 0.363904240772868 0.260690603766697 1 0.654869739364614 0.523399297261035 0.167665874297425 0.465152390571376 0.336528912231849 1
S 0.733847086781387 0.476688706940639 0.725451632163174 0.58560285386133 0.191538300206845 0.587460435475087 0.627299707931164 0.727516896236188 0.453939129209329 0.434781171050274 0.45756119238935 0.531742986815266 0.317141690792321 0.274998667318869 0.654869739364614 1 0.682869473029685 0.115314312090884 0.422548419520081 0.480983670730239 1
T 0.655001564122982 0.46244339070603 0.600010891359684 0.764645269219953 0.438919797356285 0.549240858118494 0.675641228461975 0.536547446190635 0.49137217670812 0.57386667481811 0.568487684403331 0.543011806925881 0.482428634298042 0.466519588519753 0.523399297261035 0.682869473029685 1 0.323856630087289 0.542175761322236 0.636602382681315 1
W 0.146601229538569 0.230468887388343 0.191243515793229 0.279253167566594 0.480565129441329 0.22908494129225 0.226436170393849 0 0.442254730471289 0.554150132825902 0.419929549179946 0.100789833472892 0.700883562632307 0.724731794878518 0.167665874297425 0.115314312090884 0.323856630087289 1 0.589482657558204 0.411983843393951 1
Y 0.39482773849954 0.528151314703023 0.526332962158813 0.495728775146008 0.358930803054072 0.536125962773646 0.518600044936702 0.279058938255091 0.668997451548924 0.661885380450367 0.577275687594882 0.397078643074035 0.681630649915796 0.641809430806973 0.465152390571376 0.422548419520081 0.542175761322236 0.589482657558204 1 0.526998586489031 1
V 0.646507378853275 0.26140766550822 0.370721117881871 0.449323864288207 0.540311241614674 0.297390187811102 0.373518649970648 0.435133628711226 0.378762971783557 0.778110503468074 0.835051838703236 0.279850642933298 0.54468069566415 0.655994579947133 0.336528912231849 0.480983670730239 0.636602382681315 0.411983843393951 0.526998586489031 1 1
* 0 0 0 0 0 0 0 0 0 0 0 0 0 0 0 0 0 0 0 0 1
