A R N D C Q E G H I L K M F P S T W Y V *
A 1 0.55140969418446 0.64773264019372 0.749468312021953 0.319648863216706 0.58139451962727 0.645924639577902 0.782414906179784 0.614528092680716 0.537081550660655 0.620093342081065 0.575460007438912 0.427231662196936 0.357706916958597 0.676123306668595 0.759226184162628 0.83521756043624 0.227912086271257 0.584322516375222 0.614782313436924 1
R 0.55140969418446 1 0.864969239948292 0.762374684777199 0.0843733004817704 0.945634977687138 0.882181913136121 0.597400535495207 0.693080466026061 0.312126476011595 0.340527108725157 0.834039156017071 0.285623450969333 0.166032395575499 0.834997730680271 0.713165103907695 0.636222968199851 0.106928927861849 0.518685680318574 0.319670286892109 1
N 0.64773264019372 0.864969239948292 1 0.804842827972305 0.0947910824941248 0.91125242512324 0.932221232807114 0.727320591848218 0.662214101193903 0.326937968511789 0.37199276193423 0.881516362634442 0.276122047801395 0.164915393963283 0.956815731364936 0.841989392439245 0.690068369408837 0.0838608123102743 0.502692194643143 0.355035914242098 1
D 0.749468312021953 0.762374684777199 0.804842827972305 1 0.27596429026856 0.783101100427859 0.841497659958222 0.699519254987554 0.776941751735577 0.498762239031933 0.541815914278665 0.732338236343767 0.443744157508043 0.337731826762171 0.813513153836414 0.786721487362681 0.862762491799448 0.250740520167494 0.659276794076872 0.527842065460223 1
C 0.319648863216706 0.0843733004817704 0.0947910824941248 0.27596429026856 1 0.0851818746249017 0.122460850260468 0.105890145869604 0.373274134454872 0.755467588020496 0.687906428197553 0.0109186875894099 0.760151587759944 0.871453419245844 0.116169738010703 0.120321669558076 0.387133345089137 0.761312544724001 0.551140494338427 0.699731462145566 1
Q 0.58139451962727 0.945634977687138 0.91125242512324 0.783101100427859 0.0851818746249017 1 0.918907299839898 0.640073075138974 0.68372758541477 0.313499940590365 0.346924543520393 0.863408706686007 0.279654350506622 0.16167064410891 0.88012321358207 0.755919507305455 0.654811323757685 0.0954016111161222 0.510544852045526 0.328021912896092 1
E 0.645924639577902 0.882181913136121 0.932221232807114 0.841497659958222 0.122460850260468 0.918907299839898 1 0.69990474067116 0.687484365775525 0.349614445173628 0.391331115787005 0.881098482945891 0.303315462183241 0.191460802567675 0.903465711975759 0.815691521343621 0.712458881556823 0.114542296809171 0.530807647681957 0.374996375318516 1
G 0.782414906179784 0.597400535495207 0.727320591848218 0.699519254987554 0.105890145869604 0.640073075138974 0.69990474067116 1 0.5120027814007 0.327838187968985 0.405460869611369 0.688715702063477 0.230521805449513 0.148911048376581 0.749576841603558 0.883437364658979 0.685167293248456 0.0288617037011025 0.418299125892389 0.39847192719295 1
H 0.614528092680716 0.693080466026061 0.662214101193903 0.776941751735577 0.373274134454872 0.68372758541477 0.687484365775525 0.5120027814007 1 0.593404841942607 0.594015643425556 0.572583466029464 0.587309628766035 0.462367559080883 0.673205660982084 0.596324979568538 0.759188333587846 0.407546769639721 0.814230803516478 0.56959777286961 1
I 0.537081550660655 0.312126476011595 0.326937968511789 0.498762239031933 0.755467588020496 0.313499940590365 0.349614445173628 0.327838187968985 0.593404841942607 1 0.897897091680107 0.238853595963064 0.854587468540057 0.820223577197339 0.349327212240188 0.349296541456905 0.611584197180906 0.679156148550647 0.764960741328231 0.883701825573058 1
L 0.620093342081065 0.340527108725157 0.37199276193423 0.541815914278665 0.687906428197553 0.346924543520393 0.391331115787005 0.405460869611369 0.594015643425556 0.897897091680107 1 0.286441965789285 0.754836994718194 0.728739498731217 0.396090831298313 0.414562348926399 0.668309305108631 0.580052778455616 0.739837939756783 0.96290618285666 1
K 0.575460007438912 0.834039156017071 0.881516362634442 0.732338236343767 0.0109186875894099 0.863408706686007 0.881098482945891 0.688715702063477 0.572583466029464 0.238853595963064 0.286441965789285 1 0.187948296187924 0.0784994069368234 0.842960293988456 0.792303389671039 0.611161410151414 0 0.41636447889539 0.270815840059493 1
M 0.427231662196936 0.285623450969333 0.276122047801395 0.443744157508043 0.760151587759944 0.279654350506622 0.303315462183241 0.230521805449513 0.587309628766035 0.854587468540057 0.754836994718194 0.187948296187924 1 0.866089164407793 0.294849963626863 0.269583060844445 0.531667876306929 0.796490880876713 0.765252325678536 0.740750272029215 1
F 0.357706916958597 0.166032395575499 0.164915393963283 0.337731826762171 0.871453419245844 0.16167064410891 0.191460802567675 0.148911048376581 0.462367559080883 0.820223577197339 0.728739498731217 0.0784994069368234 0.866089164407793 1 0.185034558329982 0.174794953827879 0.440373000100796 0.835625720674584 0.645089080533318 0.724933577201338 1
P 0.676123306668595 0.834997730680271 0.956815731364936 0.813513153836414 0.116169738010703 0.88012321358207 0.903465711975759 0.749576841603558 0.673205660982084 0.349327212240188 0.396090831298313 0.842960293988456 0.294849963626863 0.185034558329982 1 0.860378096627943 0.710466938995574 0.0999909122114551 0.517786742969289 0.379429551515709 1
S 0.759226184162628 0.713165103907695 0.841989392439245 0.786721487362681 0.120321669558076 0.755919507305455 0.815691521343621 0.883437364658979 0.596324979568538 0.349296541456905 0.414562348926399 0.792303389671039 0.269583060844445 0.174794953827879 0.860378096627943 1 0.728206588812747 0.0695848908905611 0.476957119889857 0.403201227521452 1
T 0.83521756043624 0.636222968199851 0.690068369408837 0.862762491799448 0.387133345089137 0.654811323757685 0.712458881556823 0.685167293248456 0.759188333587846 0.611584197180906 0.668309305108631 0.611161410151414 0.531667876306929 0.440373000100796 0.710466938995574 0.728206588812747 1 0.333012042617713 0.719091459619906 0.656653316717002 1
W 0.227912086271257 0.106928927861849 0.0838608123102743 0.250740520167494 0.761312544724001 0.0954016111161222 0.114542296809171 0.0288617037011025 0.407546769639721 0.679156148550647 0.580052778455616 0 0.796490880876713 0.835625720674584 0.0999909122114551 0.0695848908905611 0.333012042617713 1 0.580067965176781 0.572031002905771 1
Y 0.584322516375222 0.518685680318574 0.502692194643143 0.659276794076872 0.551140494338427 0.510544852045526 0.530807647681957 0.418299125892389 0.814230803516478 0.764960741328231 0.739837939756783 0.41636447889539 0.765252325678536 0.645089080533318 0.517786742969289 0.476957119889857 0.719091459619906 0.580067965176781 1 0.71291162790128 1
V 0.614782313436924 0.319670286892109 0.355035914242098 0.527842065460223 0.699731462145566 0.328021912896092 0.374996375318516 0.39847192719295 0.56959777286961 0.883701825573058 0.96290618285666 0.270815840059493 0.740750272029215 0.724933577201338 0.379429551515709 0.403201227521452 0.656653316717002 0.572031002905771 0.71291162790128 1 1
* 0 0 0 0 0 0 0 0 0 0 0 0 0 0 0 0 0 0 0 0 1
