A R N D C Q E G H I L K M F P S T W Y V *
A 1 0.00530622567645907 0.00675714434694727 0.0095010791574502 0.00349866601264639 0.00568631207792498 0.00672264061552159 0.0109397264175451 0.00617508397818843 0.00514198862094635 0.00626554273085933 0.00560682489432732 0.00415581875223605 0.00370597389537138 0.00734946801650033 0.00988613064361122 0.0144452370363652 0.00308296679251648 0.00572636597530431 0.0061791591662531 1
R 0.00530622567645907 1 0.0176279937846572 0.01001712042632 0.00259966359672723 0.0437840600014964 0.0202033614896424 0.00591238093636537 0.00775552265477881 0.00346040560643699 0.00360943024409629 0.014342668678968 0.00333202622924686 0.00285421326476061 0.0144259918893396 0.00829857674696263 0.00654335263320511 0.00266532135368598 0.00494546142010597 0.00349877618611603 1
N 0.00675714434694727 0.0176279937846572 1 0.01219694553983 0.00262958235706244 0.0268212557045587 0.0351189833853878 0.0087293771651583 0.00704683471791533 0.00353655575202467 0.00379027701378142 0.0200898744489506 0.00328829106025317 0.00285039549492592 0.0551201044770341 0.0150643139449597 0.00768014995561707 0.00259820934516688 0.00478641471798532 0.0036906262712782 1
D 0.0095010791574502 0.01001712042632 0.01219694553983 1 0.00328757458635839 0.0109743359861415 0.0150175789095709 0.00792171025411445 0.0106712996154588 0.00474888682435218 0.00519512019973723 0.00889301993087876 0.00427918453542079 0.00359419566743129 0.0127640176661094 0.0111606245256257 0.0173445396243318 0.00317689860855835 0.00698608535476764 0.00504136693424245 1
C 0.00349866601264639 0.00259966359672723 0.00262958235706244 0.00328757458635839 1 0.00260196134390434 0.00271249596059111 0.00266222476794434 0.00379802642557066 0.00973417543981268 0.00762694785791925 0.00240659829385283 0.00992427415590587 0.0185171895274398 0.00269318838842595 0.00270589977785771 0.00388391402902356 0.00997254504295851 0.00530304331066955 0.00792730872151178 1
Q 0.00568631207792498 0.0437840600014964 0.0268212557045587 0.0109743359861415 0.00260196134390434 1 0.0293530908975723 0.00661334630591509 0.00752617455446019 0.00346732875882929 0.00364478771221954 0.017426596828959 0.00330441559632259 0.00283936305248301 0.0198563998089709 0.00975219843524286 0.00689571113641662 0.00263135710629107 0.004863206381375 0.00354226044659842 1
E 0.00672264061552159 0.0202033614896424 0.0351189833853878 0.0150175789095709 0.00271249596059111 0.0293530908975723 1 0.00793188604262728 0.00761664741937132 0.00365986203301286 0.00391069998921792 0.0200192685333512 0.00341664163580893 0.00294397773971654 0.024657781682 0.0129148773636555 0.00827819482589735 0.00268823839958852 0.00507323145223718 0.0038084921509729 1
G 0.0109397264175451 0.00591238093636537 0.0087293771651583 0.00792171025411445 0.00266222476794434 0.00661334630591509 0.00793188604262728 1 0.00487773558579143 0.00354129222506204 0.0040036412697901 0.00764677632218519 0.00309342281014159 0.00279679508750369 0.00950519678040631 0.0204209641620153 0.00756059122157062 0.00245106326050644 0.00409200244469411 0.00395712437463009 1
H 0.00617508397818843 0.00775552265477881 0.00704683471791533 0.0106712996154588 0.00379802642557066 0.00752617455446019 0.00761664741937132 0.00487773558579143 1 0.00585427876293855 0.005863086496764 0.00556909059370438 0.00576781423761296 0.00442741400585822 0.0072838513851935 0.005896627927051 0.00988457674992819 0.00401773722709139 0.0128133266654904 0.00553045790399204 1
I 0.00514198862094635 0.00346040560643699 0.00353655575202467 0.00474888682435218 0.00973417543981268 0.00346732875882929 0.00365986203301286 0.00354129222506204 0.00585427876293855 1 0.0233129637352873 0.00312728456221352 0.0163694378677724 0.0132404536803021 0.00365824642386568 0.00365807399311894 0.00612828155201937 0.00741894036047871 0.0101273353752921 0.0204674012352993 1
L 0.00626554273085933 0.00360943024409629 0.00379027701378142 0.00519512019973723 0.00762694785791925 0.00364478771221954 0.00391069998921792 0.0040036412697901 0.005863086496764 0.0233129637352873 1 0.00333584836104043 0.00970913778852134 0.0087750387092681 0.00394152220613966 0.00406588369327443 0.00717632853616413 0.0056681441781547 0.00914937941644433 0.0641703006657652 1
K 0.00560682489432732 0.014342668678968 0.0200898744489506 0.00889301993087876 0.00240659829385283 0.017426596828959 0.0200192685333512 0.00764677632218519 0.00556909059370438 0.00312728456221352 0.00333584836104043 1 0.00293124364834766 0.00258309263916649 0.0151574494080756 0.011460569313861 0.00612161822687388 0.00238032139892904 0.00407843819105451 0.00326436246108699 1
M 0.00415581875223605 0.00333202622924686 0.00328829106025317 0.00427918453542079 0.00992427415590587 0.00330441559632259 0.00341664163580893 0.00309342281014159 0.00576781423761296 0.0163694378677724 0.00970913778852134 0.00293124364834766 1 0.0177754204012118 0.00337562401779339 0.00325885295278196 0.00508254992239017 0.0116963869195809 0.0101399147225179 0.0091815772288767 1
F 0.00370597389537138 0.00285421326476061 0.00285039549492592 0.00359419566743129 0.0185171895274398 0.00283936305248301 0.00294397773971654 0.00279679508750369 0.00442741400585822 0.0132404536803021 0.0087750387092681 0.00258309263916649 0.0177754204012118 1 0.00292076360201399 0.00288452113807428 0.00425340700030157 0.0144811062211057 0.00670681364919937 0.00865362400365145 1
P 0.00734946801650033 0.0144259918893396 0.0551201044770341 0.0127640176661094 0.00269318838842595 0.0198563998089709 0.024657781682 0.00950519678040631 0.0072838513851935 0.00365824642386568 0.00394152220613966 0.0151574494080756 0.00337562401779339 0.00292076360201399 1 0.017048337985954 0.00822124212921111 0.0026447748486383 0.00493624213814895 0.00383569891982908 1
S 0.00988613064361122 0.00829857674696263 0.0150643139449597 0.0111606245256257 0.00270589977785771 0.00975219843524286 0.0129148773636555 0.0204209641620153 0.005896627927051 0.00365807399311894 0.00406588369327443 0.011460569313861 0.00325885295278196 0.00288452113807428 0.017048337985954 1 0.00875783334309422 0.00255834344866498 0.00455091062214209 0.00398848239758168 1
T 0.0144452370363652 0.00654335263320511 0.00768014995561707 0.0173445396243318 0.00388391402902356 0.00689571113641662 0.00827819482589735 0.00756059122157062 0.00988457674992819 0.00612828155201937 0.00717632853616413 0.00612161822687388 0.00508254992239017 0.00425340700030157 0.00822124212921111 0.00875783334309422 1 0.00356876218316001 0.00847365265473332 0.00693270538153735 1
W 0.00308296679251648 0.00266532135368598 0.00259820934516688 0.00317689860855835 0.00997254504295851 0.00263135710629107 0.00268823839958852 0.00245106326050644 0.00401773722709139 0.00741894036047871 0.0056681441781547 0.00238032139892904 0.0116963869195809 0.0144811062211057 0.0026447748486383 0.00255834344866498 0.00356876218316001 1 0.00566834916495738 0.00556190148139387 1
Y 0.00572636597530431 0.00494546142010597 0.00478641471798532 0.00698608535476764 0.00530304331066955 0.004863206381375 0.00507323145223718 0.00409200244469411 0.0128133266654904 0.0101273353752921 0.00914937941644433 0.00407843819105451 0.0101399147225179 0.00670681364919937 0.00493624213814895 0.00455091062214209 0.00847365265473332 0.00566834916495738 1 0.00829124976928891 1
V 0.0061791591662531 0.00349877618611603 0.0036906262712782 0.00504136693424245 0.00792730872151178 0.00354226044659842 0.0038084921509729 0.00395712437463009 0.00553045790399204 0.0204674012352993 0.0641703006657652 0.00326436246108699 0.0091815772288767 0.00865362400365145 0.00383569891982908 0.00398848239758168 0.00693270538153735 0.00556190148139387 0.00829124976928891 1 1
* 0 0 0 0 0 0 0 0 0 0 0 0 0 0 0 0 0 0 0 0 1
